example_data/reeves_groundingzone/dem_clip.asc
ncols 161
nrows 143
xllcorner 587861.4
yllcorner 1677789.6
cellsize 200.000000
NODATA_value -9999
[rows 78 to 103 of 143, columns 58 to 115 of 161]
369.39001465 365.39001465 364.39001465 364.39001465 361.39001465 357.86999512 355.86999512 353.86999512 352.86999512 351.86999512 350.86999512 349.86999512 348.86999512 346.86999512 346.86999512 347.86999512 -9999 -9999 -9999 -9999 -9999 -9999 -9999 -9999 -9999 -9999 -9999 -9999 -9999 -9999 -9999 -9999 25.87000084 26.87000084 25.87000084 25.87000084 26.87000084 26.87000084 25.87000084 26.87000084 26.87000084 25.87000084 26.87000084 26.87000084 26.87000084 26.87000084 25.87000084 25.87000084 25.87000084 25.87000084 24.87000084 24.87000084 24.87000084 24.87000084 24.87000084 24.87000084 24.87000084 24.87000084
366.39001465 363.39001465 362.39001465 359.39001465 357.39001465 356.39001465 355.39001465 354.39001465 352.86999512 351.86999512 350.86999512 350.86999512 350.86999512 348.86999512 349.86999512 350.86999512 -9999 -9999 -9999 -9999 -9999 -9999 -9999 -9999 -9999 -9999 -9999 -9999 -9999 -9999 -9999 -9999 24.87000084 25.87000084 25.87000084 25.87000084 25.87000084 25.87000084 25.87000084 25.87000084 25.87000084 25.87000084 25.87000084 25.87000084 26.87000084 24.87000084 24.87000084 25.87000084 25.87000084 24.87000084 24.87000084 24.87000084 24.87000084 24.87000084 24.87000084 24.87000084 24.87000084 24.87000084
363.39001465 359.39001465 359.39001465 357.39001465 355.39001465 355.39001465 353.39001465 354.39001465 353.39001465 353.39001465 351.86999512 350.86999512 350.86999512 349.86999512 350.86999512 349.86999512 -9999 -9999 -9999 -9999 -9999 -9999 -9999 -9999 -9999 -9999 -9999 -9999 -9999 -9999 -9999 -9999 24.87000084 24.87000084 24.87000084 24.87000084 24.87000084 24.87000084 24.87000084 25.87000084 24.87000084 25.87000084 25.87000084 24.87000084 24.87000084 24.87000084 24.87000084 24.87000084 24.87000084 24.87000084 24.87000084 24.87000084 24.87000084 24.87000084 24.87000084 24.87000084 24.87000084 24.87000084
355.39001465 356.39001465 355.39001465 354.39001465 355.39001465 353.39001465 352.39001465 353.39001465 352.39001465 352.39001465 352.39001465 352.39001465 350.39001465 349.86999512 347.86999512 341.86999512 341.86999512 341.86999512 -9999 -9999 -9999 -9999 -9999 -9999 -9999 -9999 -9999 -9999 -9999 -9999 -9999 -9999 24.87000084 24.87000084 24.87000084 24.87000084 24.87000084 24.87000084 24.87000084 24.87000084 23.87000084 23.87000084 23.87000084 23.87000084 23.87000084 23.87000084 23.87000084 23.87000084 23.87000084 23.87000084 24.87000084 23.87000084 23.87000084 24.87000084 23.87000084 23.87000084 24.87000084 24.87000084
351.39001465 352.39001465 351.39001465 351.39001465 352.39001465 350.39001465 349.39001465 352.39001465 352.39001465 350.39001465 352.39001465 350.39001465 347.39001465 348.39001465 344.39001465 341.86999512 333.86999512 324.86999512 -9999 -9999 -9999 -9999 -9999 -9999 -9999 -9999 -9999 -9999 -9999 -9999 -9999 -9999 24.87000084 24.87000084 24.87000084 24.87000084 24.87000084 24.87000084 24.87000084 23.87000084 23.87000084 23.87000084 23.87000084 23.87000084 23.87000084 23.87000084 23.87000084 23.87000084 23.87000084 23.87000084 23.87000084 23.87000084 23.87000084 23.87000084 23.87000084 23.87000084 23.87000084 24.87000084
344.39001465 347.39001465 346.39001465 345.39001465 349.39001465 346.39001465 345.39001465 348.39001465 347.39001465 345.39001465 346.39001465 343.39001465 344.39001465 344.39001465 338.39001465 337.39001465 328.39001465 317.39001465 315.86999512 310.86999512 -9999 -9999 -9999 -9999 -9999 -9999 -9999 -9999 -9999 -9999 24.87000084 24.87000084 24.87000084 24.87000084 24.87000084 24.87000084 23.87000084 23.87000084 23.87000084 23.87000084 23.87000084 23.87000084 23.87000084 23.87000084 23.87000084 23.87000084 23.87000084 23.87000084 23.87000084 23.87000084 23.87000084 23.87000084 23.87000084 23.87000084 23.87000084 23.87000084 23.87000084 24.87000084
331.39001465 338.39001465 336.39001465 335.39001465 341.39001465 341.39001465 339.39001465 344.39001465 342.39001465 345.39001465 342.39001465 337.39001465 338.39001465 332.39001465 323.39001465 321.39001465 312.39001465 301.39001465 304.39001465 295.39001465 -9999 -9999 -9999 -9999 -9999 -9999 -9999 -9999 -9999 -9999 24.87000084 24.87000084 24.87000084 24.87000084 23.87000084 23.87000084 23.87000084 23.87000084 23.87000084 23.87000084 23.87000084 23.87000084 23.87000084 23.87000084 23.87000084 23.87000084 23.87000084 23.87000084 23.87000084 23.87000084 23.87000084 23.87000084 23.87000084 23.87000084 23.87000084 23.87000084 23.87000084 24.87000084
321.39001465 328.39001465 327.39001465 335.39001465 333.39001465 332.39001465 338.39001465 336.39001465 333.39001465 339.39001465 336.39001465 331.39001465 332.39001465 325.39001465 316.39001465 313.39001465 302.39001465 288.39001465 285.39001465 267.39001465 265.39001465 239.38999939 207.38999939 -9999 -9999 -9999 -9999 24.87000084 24.87000084 24.87000084 24.87000084 24.87000084 23.87000084 23.87000084 23.87000084 23.87000084 23.87000084 23.87000084 23.87000084 23.87000084 23.87000084 23.87000084 23.87000084 23.87000084 23.87000084 23.87000084 23.87000084 23.87000084 23.87000084 23.87000084 23.87000084 23.87000084 23.87000084 23.87000084 23.87000084 23.87000084 23.87000084 24.87000084
318.39001465 318.39001465 317.39001465 326.39001465 325.39001465 324.39001465 331.39001465 329.39001465 326.39001465 329.39001465 324.39001465 318.39001465 318.39001465 311.39001465 311.39001465 303.39001465 288.39001465 288.39001465 273.39001465 256.39001465 243.38999939 209.38999939 168.38999939 167.38999939 106.38999939 28.38999939 24.87000084 24.87000084 24.87000084 24.87000084 24.87000084 24.87000084 23.87000084 23.87000084 23.87000084 23.87000084 23.87000084 23.87000084 23.87000084 23.87000084 23.87000084 23.87000084 23.87000084 23.87000084 23.87000084 23.87000084 23.87000084 23.87000084 24.87000084 23.87000084 24.87000084 23.87000084 24.87000084 24.87000084 23.87000084 23.87000084 23.87000084 23.87000084
309.39001465 308.39001465 308.39001465 316.39001465 317.39001465 317.39001465 323.39001465 322.39001465 320.39001465 323.39001465 318.39001465 311.39001465 310.39001465 301.39001465 300.39001465 278.39001465 256.39001465 260.39001465 247.38999939 247.38999939 233.38999939 199.38999939 149.38999939 117.38999939 57.38999939 28.38999939 27.38999939 27.38999939 26.38999939 24.87000084 24.87000084 23.87000084 23.87000084 23.87000084 23.87000084 23.87000084 24.87000084 23.87000084 24.87000084 24.87000084 24.87000084 24.87000084 24.87000084 24.87000084 24.87000084 24.87000084 24.87000084 24.87000084 24.87000084 24.87000084 24.87000084 24.87000084 24.87000084 24.87000084 24.87000084 23.87000084 23.87000084 23.87000084
302.39001465 302.39001465 301.39001465 308.39001465 310.39001465 310.39001465 315.39001465 313.39001465 311.39001465 313.39001465 313.39001465 311.39001465 302.39001465 293.39001465 289.39001465 271.39001465 254.38999939 249.38999939 241.38999939 226.38999939 197.38999939 143.38999939 83.38999939 91.38999939 36.38999939 27.38999939 27.38999939 27.38999939 26.38999939 26.38999939 27.38999939 24.87000084 24.87000084 24.87000084 24.87000084 24.87000084 24.87000084 24.87000084 24.87000084 24.87000084 24.87000084 24.87000084 24.87000084 24.87000084 24.87000084 24.87000084 24.87000084 24.87000084 24.87000084 24.87000084 24.87000084 24.87000084 24.87000084 24.87000084 24.87000084 24.87000084 24.87000084 23.87000084
298.39001465 298.39001465 297.39001465 302.39001465 305.39001465 310.39001465 309.39001465 307.39001465 311.39001465 308.39001465 302.39001465 301.39001465 288.39001465 272.39001465 264.39001465 264.39001465 252.38999939 244.38999939 235.38999939 223.38999939 197.38999939 143.38999939 83.38999939 31.38999939 28.38999939 27.38999939 27.38999939 27.38999939 27.38999939 27.38999939 27.38999939 26.38999939 26.38999939 26.38999939 24.87000084 24.87000084 24.87000084 24.87000084 24.87000084 24.87000084 24.87000084 24.87000084 24.87000084 24.87000084 24.87000084 24.87000084 24.87000084 24.87000084 24.87000084 24.87000084 24.87000084 24.87000084 24.87000084 24.87000084 24.87000084 24.87000084 24.87000084 23.87000084
289.39001465 288.39001465 298.39001465 301.39001465 301.39001465 304.39001465 304.39001465 302.39001465 307.39001465 305.39001465 301.39001465 296.39001465 284.39001465 269.39001465 254.38999939 243.38999939 229.38999939 227.38999939 215.38999939 223.38999939 197.38999939 143.38999939 82.38999939 31.38999939 28.38999939 28.38999939 27.38999939 27.38999939 27.38999939 26.38999939 26.38999939 26.38999939 26.38999939 26.38999939 26.38999939 26.38999939 24.87000084 24.87000084 24.87000084 24.87000084 24.87000084 24.87000084 24.87000084 24.87000084 24.87000084 24.87000084 24.87000084 24.87000084 24.87000084 24.87000084 24.87000084 24.87000084 24.87000084 24.87000084 24.87000084 24.87000084 24.87000084 23.87000084
276.39001465 276.39001465 289.39001465 292.39001465 293.39001465 301.39001465 300.39001465 300.39001465 301.39001465 297.39001465 288.39001465 293.39001465 281.39001465 267.39001465 253.38999939 238.38999939 229.38999939 214.38999939 201.38999939 191.38999939 139.38999939 80.38999939 32.38999939 28.38999939 28.38999939 28.38999939 28.38999939 27.38999939 26.38999939 26.38999939 26.38999939 26.38999939 26.38999939 26.38999939 26.38999939 26.38999939 26.38999939 26.38999939 26.38999939 24.87000084 24.87000084 24.87000084 24.87000084 24.87000084 24.87000084 24.87000084 24.87000084 24.87000084 24.87000084 24.87000084 24.87000084 24.87000084 24.87000084 24.87000084 24.87000084 24.87000084 24.87000084 24.87000084
264.39001465 267.39001465 278.39001465 281.39001465 282.39001465 293.39001465 293.39001465 292.39001465 297.39001465 291.39001465 288.39001465 277.39001465 265.39001465 253.38999939 239.38999939 226.38999939 222.38999939 204.38999939 193.38999939 175.38999939 129.38999939 76.38999939 32.38999939 29.38999939 28.38999939 27.38999939 27.38999939 27.38999939 27.38999939 27.38999939 26.38999939 26.38999939 26.38999939 26.38999939 26.38999939 26.38999939 26.38999939 26.38999939 26.38999939 26.38999939 26.38999939 26.38999939 24.87000084 24.87000084 24.87000084 24.87000084 24.87000084 24.87000084 24.87000084 24.87000084 24.87000084 24.87000084 24.87000084 24.87000084 24.87000084 24.87000084 24.87000084 24.87000084
254.38999939 257.39001465 269.39001465 271.39001465 272.39001465 283.39001465 282.39001465 292.39001465 289.39001465 283.39001465 283.39001465 273.39001465 263.39001465 253.38999939 242.38999939 230.38999939 212.38999939 198.38999939 164.38999939 121.38999939 121.38999939 72.38999939 31.38999939 28.38999939 28.38999939 27.38999939 27.38999939 27.38999939 27.38999939 27.38999939 27.38999939 27.38999939 26.38999939 26.38999939 26.38999939 26.38999939 26.38999939 26.38999939 26.38999939 26.38999939 26.38999939 26.38999939 26.38999939 26.38999939 24.87000084 24.87000084 24.87000084 24.87000084 24.87000084 24.87000084 24.87000084 24.87000084 24.87000084 24.87000084 24.87000084 24.87000084 24.87000084 24.87000084
249.38999939 250.38999939 259.39001465 261.39001465 272.39001465 273.39001465 272.39001465 279.39001465 275.39001465 269.39001465 269.39001465 261.39001465 261.39001465 253.38999939 243.38999939 232.38999939 218.38999939 200.38999939 164.38999939 118.38999939 69.38999939 29.38999939 28.38999939 28.38999939 28.38999939 28.38999939 28.38999939 27.38999939 27.38999939 27.38999939 27.38999939 27.38999939 27.38999939 26.38999939 26.38999939 26.38999939 26.38999939 26.38999939 26.38999939 26.38999939 26.38999939 26.38999939 26.38999939 26.38999939 26.38999939 26.38999939 26.38999939 24.87000084 24.87000084 24.87000084 24.87000084 24.87000084 24.87000084 24.87000084 24.87000084 24.87000084 24.87000084 24.87000084
247.38999939 253.38999939 254.38999939 254.38999939 263.39001465 263.39001465 263.39001465 270.39001465 266.39001465 262.39001465 263.39001465 257.39001465 252.38999939 242.38999939 230.38999939 215.38999939 219.38999939 200.38999939 164.38999939 116.38999939 68.38999939 29.38999939 28.38999939 28.38999939 28.38999939 28.38999939 28.38999939 28.38999939 28.38999939 28.38999939 27.38999939 27.38999939 27.38999939 27.38999939 27.38999939 26.38999939 26.38999939 26.38999939 26.38999939 26.38999939 27.38999939 26.38999939 26.38999939 26.38999939 26.38999939 26.38999939 27.38999939 26.38999939 27.38999939 27.38999939 25.87000084 25.87000084 24.87000084 24.87000084 24.87000084 24.87000084 24.87000084 24.87000084
245.38999939 249.38999939 250.38999939 250.38999939 256.39001465 256.39001465 256.39001465 259.39001465 259.39001465 257.39001465 258.39001465 252.38999939 252.38999939 241.38999939 225.38999939 215.38999939 196.38999939 155.38999939 113.38999939 67.38999939 29.38999939 29.38999939 28.38999939 28.38999939 28.38999939 28.38999939 28.38999939 28.38999939 28.38999939 28.38999939 27.38999939 27.38999939 27.38999939 27.38999939 27.38999939 27.38999939 27.38999939 27.38999939 27.38999939 27.38999939 27.38999939 27.38999939 27.38999939 27.38999939 27.38999939 27.38999939 27.38999939 27.38999939 27.38999939 27.38999939 27.38999939 27.38999939 24.87000084 24.87000084 24.87000084 24.87000084 24.87000084 24.87000084
243.38999939 247.38999939 248.38999939 249.38999939 252.38999939 252.38999939 252.38999939 254.38999939 253.38999939 255.38999939 252.38999939 248.38999939 249.38999939 239.38999939 224.38999939 204.38999939 182.38999939 144.38999939 109.38999939 64.38999939 29.38999939 28.38999939 28.38999939 28.38999939 28.38999939 28.38999939 28.38999939 28.38999939 28.38999939 28.38999939 28.38999939 28.38999939 27.38999939 27.38999939 27.38999939 27.38999939 27.38999939 27.38999939 27.38999939 27.38999939 27.38999939 27.38999939 27.38999939 27.38999939 27.38999939 27.38999939 27.38999939 27.38999939 27.38999939 27.38999939 27.38999939 27.38999939 26.38999939 26.38999939 26.38999939 24.87000084 24.87000084 24.87000084
246.38999939 248.38999939 250.38999939 252.38999939 251.38999939 251.38999939 252.38999939 252.38999939 252.38999939 253.38999939 252.38999939 250.38999939 240.38999939 225.38999939 201.38999939 172.38999939 134.38999939 134.38999939 102.38999939 61.38999939 28.38999939 28.38999939 28.38999939 28.38999939 28.38999939 28.38999939 28.38999939 28.38999939 28.38999939 28.38999939 28.38999939 28.38999939 28.38999939 28.38999939 28.38999939 27.38999939 27.38999939 27.38999939 27.38999939 27.38999939 27.38999939 27.38999939 27.38999939 27.38999939 27.38999939 27.38999939 27.38999939 27.38999939 27.38999939 27.38999939 27.38999939 27.38999939 27.38999939 26.38999939 26.38999939 26.38999939 26.38999939 24.87000084
245.38999939 249.38999939 251.38999939 252.38999939 253.38999939 254.38999939 252.38999939 253.38999939 253.38999939 252.38999939 253.38999939 252.38999939 242.38999939 226.38999939 200.38999939 166.38999939 124.38999939 85.38999939 57.38999939 28.38999939 28.38999939 28.38999939 28.38999939 28.38999939 28.38999939 28.38999939 28.38999939 28.38999939 28.38999939 28.38999939 28.38999939 28.38999939 28.38999939 28.38999939 28.38999939 28.38999939 28.38999939 27.38999939 27.38999939 27.38999939 27.38999939 27.38999939 27.38999939 27.38999939 27.38999939 27.38999939 27.38999939 27.38999939 27.38999939 27.38999939 27.38999939 27.38999939 27.38999939 27.38999939 26.38999939 26.38999939 26.38999939 27.29700089
245.38999939 250.38999939 254.38999939 254.38999939 256.39001465 258.39001465 255.38999939 257.39001465 259.39001465 256.39001465 255.38999939 247.38999939 228.38999939 228.38999939 200.38999939 160.38999939 114.38999939 85.38999939 52.38999939 28.38999939 28.38999939 28.38999939 28.38999939 28.38999939 28.38999939 28.38999939 28.38999939 28.38999939 28.38999939 28.38999939 28.38999939 28.38999939 28.38999939 28.38999939 28.38999939 28.38999939 28.38999939 27.38999939 27.38999939 27.38999939 27.38999939 27.38999939 27.38999939 27.38999939 27.38999939 27.38999939 27.38999939 27.38999939 27.38999939 27.38999939 27.38999939 27.38999939 27.38999939 27.38999939 27.38999939 26.38999939 26.38999939 27.29700089
250.38999939 255.38999939 259.39001465 259.39001465 261.39001465 261.39001465 259.39001465 261.39001465 263.39001465 260.39001465 258.39001465 247.38999939 230.38999939 197.38999939 152.38999939 100.38999939 55.38999939 43.38999939 43.38999939 28.38999939 28.38999939 28.38999939 28.38999939 28.38999939 28.38999939 28.38999939 28.38999939 28.38999939 28.38999939 28.38999939 28.38999939 28.38999939 28.38999939 28.38999939 28.38999939 28.38999939 28.38999939 28.38999939 28.38999939 28.38999939 27.38999939 27.38999939 27.38999939 27.38999939 27.38999939 27.38999939 27.38999939 27.38999939 27.38999939 27.38999939 27.38999939 27.38999939 27.38999939 27.38999939 27.38999939 26.38999939 27.29700089 27.29700089
250.38999939 256.39001465 261.39001465 262.39001465 264.39001465 267.39001465 265.39001465 266.39001465 263.39001465 263.39001465 260.39001465 249.38999939 230.38999939 197.38999939 146.38999939 88.38999939 37.38999939 29.38999939 28.38999939 28.38999939 28.38999939 28.38999939 28.38999939 28.38999939 28.38999939 28.38999939 28.38999939 28.38999939 28.38999939 28.38999939 28.38999939 28.38999939 28.38999939 28.38999939 28.38999939 28.38999939 28.38999939 28.38999939 28.38999939 28.38999939 28.38999939 28.38999939 27.38999939 27.38999939 27.38999939 27.38999939 27.38999939 27.38999939 27.38999939 27.38999939 27.38999939 27.38999939 27.38999939 27.38999939 27.38999939 27.38999939 28.29700089 27.29700089
256.39001465 256.39001465 261.39001465 264.39001465 267.39001465 267.39001465 268.39001465 267.39001465 264.39001465 259.39001465 248.38999939 230.38999939 197.38999939 141.38999939 143.38999939 83.38999939 32.38999939 28.38999939 28.38999939 28.38999939 28.38999939 28.38999939 28.38999939 28.38999939 28.38999939 28.38999939 28.38999939 28.38999939 28.38999939 28.38999939 28.38999939 28.38999939 28.38999939 28.38999939 28.38999939 28.38999939 28.38999939 28.38999939 28.38999939 28.38999939 28.38999939 28.38999939 27.38999939 27.38999939 27.38999939 27.38999939 27.38999939 27.38999939 27.38999939 27.38999939 27.38999939 27.38999939 27.38999939 27.38999939 27.38999939 27.38999939 28.29700089 27.29700089
