example_data/reeves_groundingzone/dem_clip.asc
ncols 161
nrows 143
xllcorner 587861.4
yllcorner 1677789.6
cellsize 200.000000
NODATA_value -9999
[rows 0 to 25 of 143, columns 0 to 57 of 161]
-9999 -9999 -9999 -9999 -9999 -9999 -9999 -9999 -9999 -9999 -9999 -9999 -9999 -9999 -9999 -9999 -9999 -9999 -9999 -9999 -9999 -9999 -9999 -9999 -9999 -9999 -9999 -9999 -9999 -9999 -9999 -9999 -9999 -9999 -9999 -9999 -9999 -9999 -9999 -9999 -9999 -9999 -9999 -9999 -9999 -9999 -9999 -9999 -9999 -9999 -9999 -9999 -9999 -9999 -9999 -9999 -9999 -9999
-9999 -9999 -9999 -9999 -9999 -9999 -9999 -9999 -9999 -9999 -9999 -9999 -9999 -9999 -9999 -9999 -9999 -9999 -9999 -9999 -9999 -9999 -9999 -9999 -9999 -9999 -9999 -9999 -9999 -9999 -9999 -9999 -9999 -9999 -9999 -9999 -9999 -9999 -9999 -9999 -9999 -9999 -9999 -9999 -9999 -9999 749.1630249 741.1630249 743.1630249 699.1630249 653.1630249 616.1630249 600.1630249 593.1630249 585.1630249 584.1630249 582.1630249 582.1630249
-9999 -9999 -9999 -9999 -9999 -9999 -9999 -9999 -9999 -9999 -9999 -9999 -9999 -9999 -9999 -9999 -9999 -9999 -9999 -9999 -9999 -9999 -9999 -9999 -9999 -9999 -9999 -9999 -9999 -9999 -9999 -9999 -9999 -9999 -9999 -9999 -9999 -9999 -9999 -9999 -9999 -9999 -9999 -9999 -9999 -9999 719.1630249 702.1630249 687.1630249 652.1630249 652.1630249 623.1630249 607.1630249 600.1630249 588.1630249 584.1630249 582.1630249 579.1630249
-9999 -9999 -9999 -9999 -9999 -9999 -9999 -9999 -9999 -9999 -9999 -9999 -9999 -9999 -9999 -9999 -9999 -9999 -9999 -9999 -9999 -9999 -9999 -9999 -9999 -9999 -9999 -9999 -9999 -9999 759.1630249 756.1630249 753.1630249 753.1630249 751.1630249 747.1630249 747.1630249 744.1630249 739.1630249 738.1630249 729.1630249 729.1630249 725.1630249 716.1630249 707.1630249 711.1630249 702.1630249 688.1630249 678.1630249 651.1630249 626.1630249 610.1630249 601.1630249 592.1630249 586.1630249 586.1630249 581.1630249 577.1630249
-9999 -9999 -9999 -9999 -9999 -9999 -9999 -9999 -9999 -9999 -9999 -9999 -9999 -9999 -9999 -9999 -9999 -9999 -9999 -9999 -9999 -9999 -9999 -9999 -9999 -9999 -9999 -9999 -9999 -9999 755.1630249 751.1630249 748.1630249 751.1630249 747.1630249 743.1630249 743.1630249 738.1630249 732.1630249 731.1630249 723.1630249 714.1630249 711.1630249 701.1630249 690.1630249 688.1630249 688.1630249 688.1630249 670.1630249 651.1630249 629.1630249 612.1630249 601.1630249 593.1630249 586.1630249 581.1630249 576.1630249 571.1630249
-9999 -9999 -9999 -9999 -9999 -9999 -9999 -9999 -9999 -9999 -9999 -9999 -9999 -9999 -9999 -9999 -9999 -9999 -9999 -9999 -9999 -9999 -9999 -9999 -9999 -9999 775.1630249 770.1630249 764.1630249 759.1630249 755.1630249 751.1630249 746.1630249 744.1630249 739.1630249 733.1630249 732.1630249 732.1630249 725.1630249 724.1630249 716.1630249 707.1630249 707.1630249 700.1630249 690.1630249 678.1630249 664.1630249 661.1630249 650.1630249 631.1630249 614.1630249 614.1630249 601.1630249 592.1630249 586.1630249 581.1630249 576.1630249 570.1630249
-9999 -9999 -9999 -9999 -9999 -9999 -9999 -9999 -9999 -9999 -9999 -9999 -9999 -9999 -9999 -9999 -9999 -9999 -9999 -9999 -9999 -9999 -9999 -9999 780.1630249 774.1630249 768.1630249 763.1630249 758.1630249 758.1630249 754.1630249 751.1630249 746.1630249 742.1630249 736.1630249 729.1630249 726.1630249 719.1630249 712.1630249 709.1630249 701.1630249 700.1630249 700.1630249 692.1630249 686.1630249 671.1630249 658.1630249 651.1630249 642.1630249 628.1630249 614.1630249 601.1630249 593.1630249 586.1630249 581.1630249 581.1630249 576.1630249 570.1630249
-9999 -9999 -9999 -9999 -9999 -9999 -9999 -9999 -9999 -9999 -9999 -9999 -9999 -9999 -9999 -9999 -9999 -9999 -9999 -9999 -9999 -9999 -9999 -9999 779.1630249 774.1630249 768.1630249 762.1630249 756.1630249 751.1630249 750.1630249 745.1630249 739.1630249 740.1630249 733.1630249 729.1630249 721.1630249 713.1630249 712.1630249 706.1630249 700.1630249 694.1630249 684.1630249 672.1630249 664.1630249 651.1630249 644.1630249 650.1630249 639.1630249 627.1630249 613.1630249 601.1630249 593.1630249 588.1630249 583.1630249 576.1630249 570.1630249 564.1630249
-9999 -9999 -9999 -9999 -9999 -9999 -9999 -9999 -9999 -9999 -9999 -9999 -9999 -9999 -9999 -9999 -9999 -9999 -9999 -9999 -9999 789.1630249 784.1630249 778.1630249 773.1630249 773.1630249 767.1630249 762.1630249 756.1630249 751.1630249 748.1630249 743.1630249 739.1630249 732.1630249 725.1630249 718.1630249 709.1630249 701.1630249 706.1630249 700.1630249 694.1630249 690.1630249 679.1630249 667.1630249 660.1630249 650.1630249 643.1630249 636.1630249 626.1630249 615.1630249 605.1630249 605.1630249 596.1630249 591.1630249 585.1630249 577.1630249 571.1630249 564.1630249
-9999 -9999 -9999 -9999 -9999 -9999 -9999 -9999 -9999 -9999 -9999 -9999 -9999 -9999 -9999 -9999 -9999 -9999 -9999 -9999 -9999 789.1630249 784.1630249 778.1630249 773.1630249 767.1630249 761.1630249 756.1630249 751.1630249 751.1630249 746.1630249 742.1630249 738.1630249 731.1630249 724.1630249 716.1630249 708.1630249 700.1630249 695.1630249 689.1630249 680.1630249 674.1630249 662.1630249 662.1630249 657.1630249 650.1630249 643.1630249 634.1630249 625.1630249 616.1630249 607.1630249 601.1630249 594.1630249 588.1630249 581.1630249 572.1630249 572.1630249 566.1630249
-9999 -9999 -9999 -9999 -9999 -9999 -9999 -9999 -9999 -9999 -9999 -9999 -9999 -9999 -9999 -9999 -9999 801.1630249 798.1630249 794.1630249 789.1630249 789.1630249 784.1630249 778.1630249 772.1630249 767.1630249 761.1630249 756.1630249 751.1630249 746.1630249 741.1630249 736.1630249 730.1630249 723.1630249 723.1630249 716.1630249 708.1630249 700.1630249 693.1630249 686.1630249 677.1630249 670.1630249 660.1630249 651.1630249 646.1630249 639.1630249 633.1630249 625.1630249 625.1630249 617.1630249 609.1630249 604.1630249 597.1630249 591.1630249 584.1630249 574.1630249 567.1630249 561.1630249
-9999 -9999 -9999 -9999 -9999 -9999 -9999 -9999 -9999 -9999 -9999 -9999 -9999 -9999 -9999 -9999 -9999 803.1630249 799.1630249 795.1630249 789.1630249 784.1630249 778.1630249 772.1630249 766.1630249 766.1630249 761.1630249 756.1630249 751.1630249 746.1630249 740.1630249 735.1630249 730.1630249 723.1630249 716.1630249 708.1630249 701.1630249 692.1630249 684.1630249 684.1630249 677.1630249 668.1630249 659.1630249 650.1630249 644.1630249 637.1630249 631.1630249 624.1630249 617.1630249 610.1630249 605.1630249 601.1630249 600.1630249 594.1630249 584.1630249 576.1630249 569.1630249 561.1630249
-9999 -9999 -9999 -9999 -9999 -9999 -9999 -9999 -9999 -9999 -9999 -9999 -9999 -9999 -9999 808.1630249 804.1630249 803.1630249 800.1630249 796.1630249 790.1630249 784.1630249 778.1630249 772.1630249 766.1630249 761.1630249 756.1630249 751.1630249 745.1630249 740.1630249 740.1630249 735.1630249 729.1630249 723.1630249 716.1630249 708.1630249 701.1630249 692.1630249 683.1630249 675.1630249 667.1630249 658.1630249 651.1630249 643.1630249 643.1630249 636.1630249 630.1630249 623.1630249 615.1630249 610.1630249 605.1630249 601.1630249 595.1630249 588.1630249 578.1630249 570.1630249 563.1630249 562.1630249
-9999 -9999 -9999 -9999 -9999 -9999 -9999 -9999 -9999 -9999 -9999 -9999 -9999 -9999 813.1630249 809.1630249 805.1630249 801.1630249 796.1630249 791.1630249 785.1630249 785.1630249 778.1630249 772.1630249 766.1630249 761.1630249 756.1630249 751.1630249 745.1630249 740.1630249 734.1630249 729.1630249 722.1630249 716.1630249 708.1630249 708.1630249 701.1630249 692.1630249 683.1630249 674.1630249 666.1630249 658.1630249 651.1630249 643.1630249 637.1630249 630.1630249 622.1630249 615.1630249 615.1630249 609.1630249 603.1630249 601.1630249 595.1630249 588.1630249 580.1630249 572.1630249 564.1630249 557.1630249
-9999 -9999 -9999 -9999 -9999 -9999 -9999 -9999 -9999 -9999 -9999 -9999 -9999 -9999 814.1630249 810.1630249 805.1630249 801.1630249 796.1630249 791.1630249 785.1630249 779.1630249 773.1630249 766.1630249 761.1630249 756.1630249 756.1630249 751.1630249 745.1630249 740.1630249 734.1630249 729.1630249 722.1630249 715.1630249 708.1630249 701.1630249 692.1630249 683.1630249 674.1630249 665.1630249 665.1630249 657.1630249 650.1630249 644.1630249 638.1630249 630.1630249 623.1630249 615.1630249 607.1630249 601.1630249 599.1630249 596.1630249 589.1630249 589.1630249 581.1630249 573.1630249 566.1630249 557.1630249
-9999 -9999 -9999 -9999 -9999 -9999 -9999 -9999 -9999 -9999 -9999 -9999 820.1630249 815.1630249 810.1630249 805.1630249 801.1630249 796.1630249 796.1630249 790.1630249 785.1630249 779.1630249 773.1630249 767.1630249 761.1630249 756.1630249 751.1630249 745.1630249 740.1630249 735.1630249 729.1630249 728.1630249 722.1630249 715.1630249 708.1630249 701.1630249 692.1630249 683.1630249 674.1630249 665.1630249 657.1630249 651.1630249 645.1630249 639.1630249 639.1630249 631.1630249 624.1630249 617.1630249 608.1630249 603.1630249 600.1630249 595.1630249 590.1630249 583.1630249 575.1630249 568.1630249 560.1630249 554.1630249
-9999 -9999 -9999 -9999 -9999 -9999 -9999 -9999 -9999 -9999 -9999 -9999 820.1630249 815.1630249 810.1630249 805.1630249 801.1630249 796.1630249 790.1630249 785.1630249 779.1630249 773.1630249 773.1630249 767.1630249 761.1630249 756.1630249 751.1630249 745.1630249 740.1630249 735.1630249 729.1630249 722.1630249 715.1630249 708.1630249 701.1630249 692.1630249 692.1630249 683.1630249 675.1630249 666.1630249 659.1630249 654.1630249 647.1630249 641.1630249 635.1630249 626.1630249 619.1630249 612.1630249 605.1630249 605.1630249 601.1630249 596.1630249 591.1630249 583.1630249 576.1630249 570.1630249 562.1630249 556.1630249
-9999 -9999 -9999 -9999 -9999 -9999 -9999 -9999 -9999 -9999 825.1630249 820.1630249 815.1630249 810.1630249 810.1630249 805.1630249 801.1630249 796.1630249 791.1630249 785.1630249 779.1630249 773.1630249 767.1630249 761.1630249 756.1630249 751.1630249 745.1630249 745.1630249 740.1630249 735.1630249 729.1630249 722.1630249 715.1630249 708.1630249 701.1630249 692.1630249 684.1630249 675.1630249 668.1630249 660.1630249 660.1630249 655.1630249 650.1630249 644.1630249 637.1630249 628.1630249 621.1630249 614.1630249 606.1630249 601.1630249 597.1630249 592.1630249 586.1630249 578.1630249 578.1630249 571.1630249 563.1630249 557.1630249
-9999 -9999 -9999 -9999 -9999 -9999 -9999 -9999 -9999 -9999 824.1630249 820.1630249 814.1630249 810.1630249 805.1630249 801.1630249 796.1630249 791.1630249 791.1630249 785.1630249 780.1630249 774.1630249 767.1630249 762.1630249 756.1630249 751.1630249 745.1630249 740.1630249 735.1630249 729.1630249 723.1630249 716.1630249 716.1630249 708.1630249 701.1630249 692.1630249 684.1630249 676.1630249 668.1630249 661.1630249 655.1630249 651.1630249 645.1630249 638.1630249 630.1630249 630.1630249 623.1630249 614.1630249 608.1630249 604.1630249 598.1630249 593.1630249 587.1630249 579.1630249 572.1630249 565.1630249 558.1630249 550.1630249
-9999 -9999 -9999 -9999 -9999 -9999 -9999 -9999 829.1630249 824.1630249 824.1630249 819.1630249 814.1630249 810.1630249 805.1630249 801.1630249 796.1630249 791.1630249 786.1630249 780.1630249 774.1630249 768.1630249 762.1630249 762.1630249 756.1630249 751.1630249 745.1630249 740.1630249 735.1630249 729.1630249 723.1630249 716.1630249 708.1630249 701.1630249 692.1630249 684.1630249 684.1630249 676.1630249 668.1630249 661.1630249 656.1630249 651.1630249 645.1630249 639.1630249 631.1630249 624.1630249 618.1630249 610.1630249 605.1630249 601.1630249 600.1630249 595.1630249 588.1630249 580.1630249 573.1630249 565.1630249 558.1630249 550.1630249
-9999 -9999 -9999 -9999 -9999 -9999 -9999 -9999 828.1630249 823.1630249 818.1630249 814.1630249 809.1630249 805.1630249 805.1630249 801.1630249 796.1630249 792.1630249 787.1630249 781.1630249 775.1630249 768.1630249 762.1630249 756.1630249 751.1630249 745.1630249 740.1630249 734.1630249 734.1630249 728.1630249 723.1630249 715.1630249 708.1630249 701.1630249 693.1630249 684.1630249 676.1630249 668.1630249 661.1630249 656.1630249 651.1630249 651.1630249 645.1630249 639.1630249 632.1630249 625.1630249 618.1630249 612.1630249 606.1630249 601.1630249 595.1630249 588.1630249 581.1630249 573.1630249 566.1630249 565.1630249 558.1630249 551.1630249
-9999 -9999 -9999 -9999 -9999 -9999 837.1630249 833.1630249 828.1630249 823.1630249 818.1630249 813.1630249 809.1630249 804.1630249 801.1630249 797.1630249 792.1630249 787.1630249 781.1630249 781.1630249 776.1630249 769.1630249 763.1630249 757.1630249 751.1630249 745.1630249 739.1630249 734.1630249 728.1630249 721.1630249 715.1630249 708.1630249 701.1630249 701.1630249 693.1630249 684.1630249 676.1630249 668.1630249 661.1630249 656.1630249 651.1630249 645.1630249 639.1630249 632.1630249 625.1630249 619.1630249 619.1630249 612.1630249 606.1630249 601.1630249 595.1630249 588.1630249 581.1630249 573.1630249 566.1630249 558.1630249 551.1630249 542.1630249
-9999 -9999 -9999 -9999 -9999 -9999 832.1630249 827.1630249 822.1630249 818.1630249 818.1630249 813.1630249 809.1630249 804.1630249 801.1630249 797.1630249 793.1630249 788.1630249 782.1630249 777.1630249 770.1630249 763.1630249 757.1630249 751.1630249 751.1630249 745.1630249 739.1630249 733.1630249 727.1630249 721.1630249 714.1630249 707.1630249 701.1630249 693.1630249 685.1630249 677.1630249 669.1630249 669.1630249 662.1630249 656.1630249 651.1630249 645.1630249 639.1630249 632.1630249 626.1630249 619.1630249 613.1630249 607.1630249 601.1630249 594.1630249 588.1630249 588.1630249 581.1630249 573.1630249 566.1630249 558.1630249 551.1630249 543.1630249
-9999 -9999 -9999 -9999 -9999 -9999 831.1630249 827.1630249 822.1630249 818.1630249 813.1630249 809.1630249 804.1630249 801.1630249 798.1630249 797.1630249 794.1630249 789.1630249 783.1630249 777.1630249 771.1630249 764.1630249 757.1630249 751.1630249 744.1630249 738.1630249 733.1630249 726.1630249 718.1630249 719.1630249 712.1630249 705.1630249 701.1630249 693.1630249 685.1630249 677.1630249 669.1630249 662.1630249 656.1630249 651.1630249 645.1630249 639.1630249 639.1630249 632.1630249 626.1630249 619.1630249 613.1630249 607.1630249 601.1630249 594.1630249 587.1630249 580.1630249 573.1630249 565.1630249 558.1630249 558.1630249 551.1630249 543.1630249
-9999 -9999 -9999 -9999 -9999 830.1630249 826.1630249 826.1630249 822.1630249 818.1630249 813.1630249 810.1630249 805.1630249 802.1630249 800.1630249 795.1630249 790.1630249 785.1630249 778.1630249 772.1630249 772.1630249 764.1630249 757.1630249 751.1630249 744.1630249 738.1630249 732.1630249 725.1630249 717.1630249 709.1630249 701.1630249 696.1630249 693.1630249 693.1630249 685.1630249 677.1630249 669.1630249 662.1630249 656.1630249 651.1630249 645.1630249 639.1630249 632.1630249 626.1630249 619.1630249 613.1630249 607.1630249 607.1630249 601.1630249 594.1630249 587.1630249 580.1630249 572.1630249 565.1630249 558.1630249 551.1630249 544.1630249 536.1630249
-9999 -9999 -9999 -9999 -9999 830.1630249 826.1630249 822.1630249 818.1630249 814.1630249 810.1630249 810.1630249 806.1630249 803.1630249 801.1630249 796.1630249 791.1630249 786.1630249 779.1630249 772.1630249 765.1630249 758.1630249 751.1630249 744.1630249 738.1630249 738.1630249 732.1630249 725.1630249 717.1630249 709.1630249 700.1630249 694.1630249 690.1630249 683.1630249 676.1630249 669.1630249 662.1630249 656.1630249 656.1630249 651.1630249 645.1630249 638.1630249 632.1630249 626.1630249 619.1630249 613.1630249 607.1630249 601.1630249 594.1630249 587.1630249 579.1630249 579.1630249 572.1630249 565.1630249 558.1630249 551.1630249 544.1630249 537.1630249
