example_data/reeves_groundingzone/dem_clip.asc
ncols 161
nrows 143
xllcorner 587861.4
yllcorner 1677789.6
cellsize 200.000000
NODATA_value -9999
[rows 52 to 77 of 143, columns 0 to 57 of 161]
-9999 -9999 -9999 -9999 -9999 -9999 -9999 -9999 -9999 -9999 -9999 -9999 -9999 -9999 -9999 730.1630249 722.1630249 713.1630249 713.1630249 706.1630249 700.1630249 691.1630249 682.1630249 668.1630249 660.1630249 653.1630249 650.1630249 646.1630249 642.1630249 636.1630249 631.1630249 625.1630249 625.1630249 618.1630249 613.1630249 607.1630249 600.1630249 589.1630249 575.1630249 562.1630249 547.1630249 540.1630249 537.1630249 537.1630249 543.1630249 543.1630249 549.1630249 -9999 -9999 579.1630249 588.1630249 560.1630249 546.1630249 534.1630249 489.16299438 474.16299438 460.16299438 452.16299438
-9999 -9999 -9999 -9999 -9999 -9999 -9999 -9999 -9999 -9999 -9999 -9999 -9999 -9999 -9999 731.1630249 724.1630249 715.1630249 708.1630249 701.1630249 693.1630249 685.1630249 676.1630249 672.1630249 663.1630249 655.1630249 651.1630249 646.1630249 642.1630249 637.1630249 631.1630249 625.1630249 618.1630249 609.1630249 605.1630249 599.1630249 588.1630249 589.1630249 576.1630249 564.1630249 550.1630249 543.1630249 541.1630249 540.1630249 545.1630249 550.1630249 -9999 -9999 -9999 -9999 -9999 592.1630249 587.1630249 573.1630249 516.1630249 492.16299438 470.16299438 453.16299438
-9999 -9999 -9999 -9999 -9999 -9999 -9999 -9999 -9999 -9999 -9999 -9999 -9999 -9999 -9999 -9999 -9999 717.1630249 711.1630249 705.1630249 696.1630249 689.1630249 681.1630249 667.1630249 658.1630249 651.1630249 646.1630249 641.1630249 642.1630249 637.1630249 632.1630249 625.1630249 618.1630249 609.1630249 600.1630249 594.1630249 584.1630249 576.1630249 565.1630249 556.1630249 547.1630249 547.1630249 545.1630249 544.1630249 549.1630249 550.1630249 -9999 -9999 -9999 -9999 -9999 -9999 -9999 580.1630249 515.1630249 515.1630249 482.16299438 456.16299438
-9999 -9999 -9999 -9999 -9999 -9999 -9999 -9999 -9999 -9999 -9999 -9999 -9999 -9999 -9999 -9999 -9999 715.1630249 710.1630249 710.1630249 700.1630249 695.1630249 688.1630249 673.1630249 664.1630249 651.1630249 646.1630249 642.1630249 637.1630249 633.1630249 627.1630249 619.1630249 610.1630249 610.1630249 599.1630249 590.1630249 580.1630249 574.1630249 564.1630249 556.1630249 550.1630249 548.1630249 546.1630249 550.1630249 554.1630249 560.1630249 -9999 -9999 -9999 -9999 -9999 -9999 -9999 607.1630249 537.1630249 491.16299438 457.16299438 449.86999512
-9999 -9999 -9999 -9999 -9999 -9999 -9999 -9999 -9999 -9999 -9999 -9999 -9999 -9999 -9999 -9999 -9999 719.1630249 714.1630249 705.1630249 700.1630249 694.1630249 680.1630249 671.1630249 671.1630249 655.1630249 650.1630249 645.1630249 638.1630249 634.1630249 628.1630249 619.1630249 610.1630249 599.1630249 588.1630249 576.1630249 570.1630249 570.1630249 561.1630249 556.1630249 551.1630249 550.1630249 549.1630249 552.1630249 558.1630249 563.1630249 578.1630249 -9999 -9999 -9999 -9999 -9999 -9999 -9999 -9999 501.16299438 452.16299438 437.86999512
-9999 -9999 -9999 -9999 -9999 -9999 -9999 -9999 -9999 -9999 -9999 -9999 -9999 -9999 -9999 -9999 -9999 723.1630249 718.1630249 710.1630249 705.1630249 699.1630249 687.1630249 680.1630249 673.1630249 656.1630249 650.1630249 644.1630249 636.1630249 636.1630249 630.1630249 620.1630249 611.1630249 599.1630249 586.1630249 572.1630249 565.1630249 555.1630249 549.1630249 549.1630249 547.1630249 547.1630249 550.1630249 553.1630249 559.1630249 566.1630249 577.1630249 -9999 -9999 -9999 -9999 -9999 -9999 -9999 -9999 511.16299438 452.16299438 428.86999512
-9999 -9999 -9999 -9999 -9999 -9999 -9999 -9999 -9999 -9999 -9999 -9999 -9999 -9999 -9999 -9999 -9999 723.1630249 717.1630249 708.1630249 708.1630249 704.1630249 694.1630249 690.1630249 683.1630249 665.1630249 657.1630249 649.1630249 639.1630249 632.1630249 622.1630249 611.1630249 599.1630249 599.1630249 585.1630249 569.1630249 560.1630249 550.1630249 543.1630249 544.1630249 540.1630249 539.1630249 550.1630249 556.1630249 564.1630249 578.1630249 590.1630249 592.1630249 614.1630249 -9999 -9999 -9999 -9999 -9999 -9999 456.16299438 424.86999512 409.86999512
-9999 -9999 -9999 -9999 -9999 -9999 -9999 -9999 -9999 -9999 -9999 -9999 -9999 -9999 -9999 -9999 -9999 727.1630249 723.1630249 713.1630249 710.1630249 706.1630249 699.1630249 693.1630249 675.1630249 675.1630249 665.1630249 649.1630249 644.1630249 636.1630249 624.1630249 613.1630249 600.1630249 585.1630249 567.1630249 550.1630249 549.1630249 539.1630249 539.1630249 537.1630249 531.1630249 539.1630249 541.1630249 546.1630249 564.1630249 574.1630249 585.1630249 605.1630249 628.1630249 -9999 -9999 -9999 -9999 -9999 -9999 457.16299438 422.86999512 405.86999512
-9999 -9999 -9999 -9999 -9999 -9999 -9999 -9999 -9999 -9999 -9999 -9999 -9999 -9999 -9999 -9999 -9999 -9999 -9999 720.1630249 716.1630249 706.1630249 704.1630249 699.1630249 684.1630249 673.1630249 661.1630249 649.1630249 640.1630249 640.1630249 628.1630249 618.1630249 608.1630249 588.1630249 570.1630249 551.1630249 543.1630249 534.1630249 530.1630249 521.1630249 514.1630249 527.1630249 530.1630249 530.1630249 554.1630249 563.1630249 572.1630249 597.1630249 611.1630249 617.1630249 637.1630249 608.1630249 562.1630249 516.1630249 457.16299438 421.86999512 421.86999512 403.86999512
-9999 -9999 -9999 -9999 -9999 -9999 -9999 -9999 -9999 -9999 -9999 -9999 -9999 -9999 -9999 -9999 -9999 -9999 -9999 726.1630249 722.1630249 713.1630249 710.1630249 706.1630249 692.1630249 681.1630249 666.1630249 650.1630249 640.1630249 632.1630249 622.1630249 612.1630249 600.1630249 579.1630249 579.1630249 551.1630249 543.1630249 531.1630249 523.1630249 511.16299438 500.16299438 510.16299438 510.16299438 513.1630249 543.1630249 549.1630249 554.1630249 587.1630249 587.1630249 587.1630249 608.1630249 581.1630249 562.1630249 506.16299438 454.16299438 421.86999512 402.86999512 395.86999512
-9999 -9999 -9999 -9999 -9999 -9999 -9999 -9999 -9999 -9999 -9999 -9999 -9999 -9999 -9999 -9999 -9999 -9999 -9999 -9999 -9999 717.1630249 712.1630249 707.1630249 689.1630249 671.1630249 671.1630249 650.1630249 639.1630249 631.1630249 623.1630249 613.1630249 600.1630249 584.1630249 567.1630249 549.1630249 532.1630249 514.1630249 502.16299438 502.16299438 488.16299438 492.16299438 488.16299438 488.16299438 517.1630249 519.1630249 519.1630249 555.1630249 550.1630249 574.1630249 547.1630249 508.16299438 538.1630249 488.16299438 448.16299438 421.86999512 403.86999512 396.86999512
-9999 -9999 -9999 -9999 -9999 -9999 -9999 -9999 -9999 -9999 -9999 -9999 -9999 -9999 -9999 -9999 -9999 -9999 -9999 -9999 -9999 -9999 721.98498535 712.98498535 698.1630249 675.1630249 651.1630249 637.1630249 628.1630249 623.1630249 623.1630249 613.1630249 600.1630249 585.1630249 568.1630249 550.1630249 530.1630249 509.16299438 496.16299438 478.16299438 463.16299438 467.16299438 465.16299438 489.16299438 489.16299438 488.16299438 519.1630249 517.1630249 509.16299438 536.1630249 512.1630249 480.16299438 463.16299438 435.16299438 414.86999512 403.86999512 396.86999512 396.86999512
-9999 -9999 -9999 -9999 -9999 -9999 -9999 -9999 -9999 -9999 -9999 -9999 -9999 -9999 -9999 -9999 -9999 -9999 -9999 -9999 -9999 -9999 740.98498535 712.98498535 698.98498535 675.98498535 652.1630249 635.1630249 622.1630249 619.1630249 610.1630249 597.1630249 583.1630249 564.1630249 546.1630249 550.1630249 527.1630249 503.16299438 489.16299438 472.16299438 463.16299438 450.16299438 450.16299438 465.16299438 462.16299438 452.16299438 480.16299438 472.16299438 472.16299438 494.16299438 477.16299438 452.16299438 449.16299438 424.16299438 408.86999512 401.86999512 396.86999512 396.86999512
-9999 -9999 -9999 -9999 -9999 -9999 -9999 -9999 -9999 -9999 -9999 -9999 -9999 -9999 -9999 -9999 -9999 -9999 -9999 -9999 -9999 -9999 -9999 -9999 680.98498535 654.98498535 651.98498535 631.98498535 615.98498535 611.1630249 599.1630249 580.1630249 574.1630249 550.1630249 527.1630249 518.1630249 491.16299438 481.16299438 463.16299438 449.16299438 458.16299438 449.16299438 442.16299438 450.16299438 449.16299438 439.16299438 450.16299438 448.16299438 436.16299438 448.16299438 432.16299438 417.16299438 414.16299438 414.16299438 408.86999512 399.86999512 396.86999512 397.86999512
-9999 -9999 -9999 -9999 -9999 -9999 -9999 -9999 -9999 -9999 -9999 -9999 -9999 -9999 -9999 -9999 -9999 -9999 -9999 -9999 -9999 -9999 -9999 -9999 698.98498535 665.98498535 631.98498535 613.98498535 597.98498535 582.98498535 557.98498535 557.98498535 554.1630249 528.1630249 527.1630249 500.16299438 473.16299438 468.16299438 450.16299438 437.16299438 440.16299438 433.16299438 428.16299438 436.16299438 436.16299438 429.16299438 434.16299438 429.16299438 421.16299438 427.16299438 416.16299438 417.16299438 405.16299438 398.86999512 396.86999512 396.86999512 397.86999512 399.86999512
-9999 -9999 -9999 -9999 -9999 -9999 -9999 -9999 -9999 -9999 -9999 -9999 -9999 -9999 -9999 -9999 -9999 -9999 -9999 -9999 -9999 -9999 -9999 -9999 -9999 -9999 635.98498535 612.98498535 597.98498535 570.98498535 537.98498535 528.98498535 500.98498535 474.98498535 476.16299438 450.16299438 450.16299438 449.16299438 432.16299438 420.16299438 428.16299438 422.16299438 418.16299438 425.16299438 421.16299438 423.16299438 418.16299438 412.16299438 414.16299438 414.16299438 406.16299438 406.16299438 399.16299438 395.86999512 395.86999512 396.86999512 398.86999512 399.86999512
-9999 -9999 -9999 -9999 -9999 -9999 -9999 -9999 -9999 -9999 -9999 -9999 -9999 -9999 -9999 -9999 -9999 -9999 -9999 -9999 -9999 -9999 -9999 -9999 -9999 -9999 614.98498535 614.98498535 595.98498535 559.98498535 521.98498535 503.98498535 473.98498535 449.98498535 449.98498535 425.98498535 404.98498535 410.16299438 400.16299438 396.16299438 409.16299438 409.16299438 418.16299438 416.16299438 414.16299438 416.16299438 412.16299438 408.16299438 406.16299438 401.16299438 397.16299438 396.16299438 394.86999512 395.86999512 395.86999512 396.86999512 399.86999512 400.86999512
-9999 -9999 -9999 -9999 -9999 -9999 -9999 -9999 -9999 -9999 -9999 -9999 -9999 -9999 -9999 -9999 -9999 -9999 -9999 -9999 -9999 -9999 -9999 -9999 -9999 -9999 -9999 -9999 552.98498535 512.98498535 477.98498535 452.98498535 452.98498535 432.98498535 427.98498535 406.98498535 386.98498535 388.98498535 379.98498535 396.16299438 395.16299438 396.16299438 408.16299438 409.16299438 410.16299438 412.16299438 409.16299438 407.16299438 404.16299438 400.16299438 397.16299438 395.16299438 395.86999512 397.86999512 397.86999512 400.86999512 400.86999512 399.86999512
-9999 -9999 -9999 -9999 -9999 -9999 -9999 -9999 -9999 -9999 -9999 -9999 -9999 -9999 -9999 -9999 -9999 -9999 -9999 -9999 -9999 -9999 -9999 -9999 -9999 -9999 -9999 -9999 -9999 -9999 481.98498535 449.98498535 428.98498535 413.98498535 393.98498535 373.98498535 370.98498535 370.98498535 361.98498535 377.98498535 379.98498535 384.98498535 400.16299438 405.16299438 408.16299438 409.16299438 408.16299438 406.16299438 402.16299438 400.16299438 397.16299438 396.16299438 397.86999512 397.86999512 399.86999512 400.86999512 399.86999512 398.86999512
-9999 -9999 -9999 -9999 -9999 -9999 -9999 -9999 -9999 -9999 -9999 -9999 -9999 -9999 -9999 -9999 -9999 -9999 -9999 -9999 -9999 -9999 -9999 -9999 -9999 -9999 -9999 -9999 -9999 -9999 481.98498535 454.98498535 434.98498535 408.98498535 388.98498535 368.98498535 358.98498535 349.98498535 348.98498535 365.98498535 372.98498535 372.98498535 390.98498535 398.98498535 405.98498535 410.16299438 410.16299438 406.16299438 405.16299438 402.16299438 398.16299438 399.86999512 400.86999512 400.86999512 399.86999512 399.86999512 399.86999512 396.86999512
-9999 -9999 -9999 -9999 -9999 -9999 -9999 -9999 -9999 -9999 -9999 -9999 -9999 -9999 -9999 -9999 -9999 -9999 -9999 -9999 -9999 -9999 -9999 -9999 -9999 -9999 -9999 -9999 -9999 -9999 -9999 452.98498535 427.98498535 413.98498535 390.98498535 369.98498535 352.98498535 343.98498535 341.98498535 353.98498535 361.98498535 372.98498535 392.98498535 402.98498535 409.98498535 410.98498535 410.98498535 409.16299438 407.16299438 405.16299438 401.16299438 400.86999512 400.86999512 400.86999512 398.86999512 396.86999512 395.86999512 391.86999512
-9999 -9999 -9999 -9999 -9999 -9999 -9999 -9999 -9999 -9999 -9999 -9999 -9999 -9999 -9999 -9999 -9999 -9999 -9999 -9999 -9999 -9999 -9999 -9999 -9999 -9999 -9999 -9999 -9999 -9999 -9999 479.98498535 448.98498535 399.98498535 374.98498535 356.98498535 342.98498535 342.98498535 339.98498535 345.98498535 354.98498535 372.98498535 385.98498535 397.98498535 408.98498535 411.98498535 411.98498535 408.98498535 405.98498535 402.98498535 400.86999512 400.86999512 400.86999512 399.86999512 397.86999512 395.86999512 393.86999512 390.86999512
-9999 -9999 -9999 -9999 -9999 -9999 -9999 -9999 -9999 -9999 -9999 -9999 -9999 -9999 -9999 -9999 -9999 -9999 -9999 -9999 -9999 -9999 -9999 -9999 -9999 -9999 -9999 -9999 -9999 -9999 -9999 -9999 -9999 412.98498535 383.98498535 356.98498535 346.98498535 342.98498535 342.98498535 350.98498535 360.98498535 378.98498535 378.98498535 391.98498535 406.98498535 410.98498535 411.98498535 409.98498535 406.98498535 402.98498535 402.39001465 400.39001465 398.86999512 396.86999512 393.86999512 395.86999512 392.86999512 388.86999512
-9999 -9999 -9999 -9999 -9999 -9999 -9999 -9999 -9999 -9999 -9999 -9999 -9999 -9999 -9999 -9999 -9999 -9999 -9999 -9999 -9999 -9999 -9999 -9999 -9999 -9999 -9999 -9999 -9999 -9999 -9999 -9999 -9999 429.98498535 396.98498535 363.98498535 351.98498535 347.98498535 344.98498535 349.98498535 358.98498535 372.98498535 385.98498535 397.98498535 408.98498535 410.98498535 408.98498535 409.98498535 406.98498535 402.98498535 402.39001465 399.39001465 398.39001465 395.39001465 392.39001465 390.86999512 386.86999512 382.86999512
-9999 -9999 -9999 -9999 -9999 -9999 -9999 -9999 -9999 -9999 -9999 -9999 -9999 -9999 -9999 -9999 -9999 -9999 -9999 -9999 -9999 -9999 -9999 -9999 -9999 -9999 -9999 -9999 -9999 -9999 -9999 -9999 -9999 -9999 -9999 360.98498535 355.98498535 354.98498535 348.98498535 352.98498535 358.98498535 368.98498535 380.98498535 392.98498535 405.98498535 408.98498535 408.98498535 405.98498535 401.98498535 402.39001465 398.39001465 394.39001465 396.39001465 393.39001465 389.39001465 389.39001465 385.39001465 381.39001465
-9999 -9999 -9999 -9999 -9999 -9999 -9999 -9999 -9999 -9999 -9999 -9999 -9999 -9999 -9999 -9999 -9999 -9999 -9999 -9999 -9999 -9999 -9999 -9999 -9999 -9999 -9999 -9999 -9999 -9999 -9999 -9999 -9999 -9999 -9999 373.98498535 365.98498535 363.98498535 357.98498535 361.98498535 367.98498535 377.98498535 387.98498535 392.98498535 401.98498535 405.98498535 407.98498535 403.98498535 399.98498535 401.39001465 397.39001465 392.39001465 390.39001465 386.39001465 382.39001465 382.39001465 382.39001465 378.39001465
