example_data/reeves_groundingzone/direz_flussi.asc
ncols 161
nrows 143
xllcorner 587861.4
yllcorner 1677789.6
cellsize 200.000000
NODATA_value -9999
[rows 50 to 74 of 143, columns 57 to 113 of 161]
140.7973938 143.46650696 143.46650696 142.5632019 142.5632019 143.24899292 146.66819763 146.66819763 145.0348053 145.0348053 148.4282074 148.4282074 147.26899719 147.26899719 142.51280212 132.02760315 132.02760315 126.6690979 126.6690979 120.34539795 120.34539795 112.66590118 110.12049866 110.12049866 105.91539764 105.91539764 104.62999725 104.62999725 104.81310272 104.81310272 102.17569733 95.41808319 95.41808319 97.14250183 97.14250183 106.77429962 106.77429962 110.40049744 110.40049744 112.75119781 124.87139893 124.87139893 131.08360291 131.08360291 135.20150757 135.20150757 135.82220459 134.71359253 134.71359253 134.38659668 134.38659668 134.92129517 134.92129517 134.86109924 134.86109924 133.42070007 134.895401
142.75889587 145.27319336 145.27319336 146.66110229 146.66110229 147.7026062 148.02099609 148.02099609 147.25480652 147.25480652 149.8500061 149.8500061 147.65649414 147.65649414 144.39570618 137.1427002 137.1427002 129.23599243 129.23599243 124.54650116 124.54650116 115.51080322 111.15579987 111.15579987 105.4464035 105.4464035 104.06099701 104.06099701 104.13249969 104.13249969 105.07980347 101.18479919 101.18479919 102.27189636 102.27189636 108.76200104 108.76200104 113.18499756 113.18499756 117.70670319 123.17980194 123.17980194 127.72460175 127.72460175 131.18859863 131.18859863 135.15719604 137.01220703 137.01220703 136.58650208 136.58650208 136.65620422 136.65620422 138.57389832 138.57389832 137.55119324 137.72579956
142.75889587 145.27319336 145.27319336 146.66110229 146.66110229 147.7026062 148.02099609 148.02099609 147.25480652 147.25480652 149.8500061 149.8500061 147.65649414 147.65649414 144.39570618 137.1427002 137.1427002 129.23599243 129.23599243 124.54650116 124.54650116 115.51080322 111.15579987 111.15579987 105.4464035 105.4464035 104.06099701 104.06099701 104.13249969 104.13249969 105.07980347 101.18479919 101.18479919 102.27189636 102.27189636 108.76200104 108.76200104 113.18499756 113.18499756 117.70670319 123.17980194 123.17980194 127.72460175 127.72460175 131.18859863 131.18859863 135.15719604 137.01220703 137.01220703 136.58650208 136.58650208 136.65620422 136.65620422 138.57389832 138.57389832 137.55119324 137.72579956
144.52900696 146.1434021 146.1434021 148.74789429 148.74789429 150.60710144 148.80990601 148.80990601 149.30540466 149.30540466 149.86320496 149.86320496 147.80940247 147.80940247 144.51100159 136.25149536 136.25149536 127.98249817 127.98249817 120.68659973 120.68659973 112.65979767 107.06410217 107.06410217 101.80020142 101.80020142 100.84770203 100.84770203 101.3687973 101.3687973 101.62390137 102.80210114 102.80210114 106.65019989 106.65019989 110.19129944 110.19129944 113.65190125 113.65190125 117.36460114 121.3792038 121.3792038 124.98509979 124.98509979 125.57479858 125.57479858 132.93170166 137.96260071 137.96260071 138.53379822 138.53379822 138.36360168 138.36360168 140.376297 140.376297 140.4730072 139.5348053
145.17700195 145.78489685 145.78489685 148.39549255 148.39549255 150.16700745 149.47279358 149.47279358 150.62080383 150.62080383 149.87559509 149.87559509 148.00280762 148.00280762 142.77740479 132.11669922 132.11669922 124.04759979 124.04759979 115.05989838 115.05989838 107.68039703 102.42189789 102.42189789 99.17307281 99.17307281 97.89833832 97.89833832 99.52455139 99.52455139 101.08519745 103.4315033 103.4315033 106.9890976 106.9890976 110.02749634 110.02749634 112.84660339 112.84660339 115.99939728 119.50959778 119.50959778 123.57980347 123.57980347 124.85220337 124.85220337 130.67520142 135.40220642 135.40220642 137.30479431 137.30479431 139.19219971 139.19219971 141.02110291 141.02110291 141.90020752 140.23039246
145.17700195 145.78489685 145.78489685 148.39549255 148.39549255 150.16700745 149.47279358 149.47279358 150.62080383 150.62080383 149.87559509 149.87559509 148.00280762 148.00280762 142.77740479 132.11669922 132.11669922 124.04759979 124.04759979 115.05989838 115.05989838 107.68039703 102.42189789 102.42189789 99.17307281 99.17307281 97.89833832 97.89833832 99.52455139 99.52455139 101.08519745 103.4315033 103.4315033 106.9890976 106.9890976 110.02749634 110.02749634 112.84660339 112.84660339 115.99939728 119.50959778 119.50959778 123.57980347 123.57980347 124.85220337 124.85220337 130.67520142 135.40220642 135.40220642 137.30479431 137.30479431 139.19219971 139.19219971 141.02110291 141.02110291 141.90020752 140.23039246
145.76550293 146.22390747 146.22390747 147.88670349 147.88670349 149.48390198 150.89990234 150.89990234 152.99620056 152.99620056 150.96949768 150.96949768 148.09829712 148.09829712 141.2250061 127.34400177 127.34400177 120.29660034 120.29660034 112.49369812 112.49369812 103.9210968 99.5612793 99.5612793 97.89987946 97.89987946 96.45028687 96.45028687 99.8563385 99.8563385 101.85759735 104.09049988 104.09049988 106.86849976 106.86849976 109.42749786 109.42749786 111.32969666 111.32969666 114.55480194 117.24880219 117.24880219 119.40499878 119.40499878 124.12239838 124.12239838 129.1867981 132.89169312 132.89169312 134.72799683 134.72799683 139.34030151 139.34030151 142.16700745 142.16700745 143.95680237 144.11410522
145.76550293 146.22390747 146.22390747 147.88670349 147.88670349 149.48390198 150.89990234 150.89990234 152.99620056 152.99620056 150.96949768 150.96949768 148.09829712 148.09829712 141.2250061 127.34400177 127.34400177 120.29660034 120.29660034 112.49369812 112.49369812 103.9210968 99.5612793 99.5612793 97.89987946 97.89987946 96.45028687 96.45028687 99.8563385 99.8563385 101.85759735 104.09049988 104.09049988 106.86849976 106.86849976 109.42749786 109.42749786 111.32969666 111.32969666 114.55480194 117.24880219 117.24880219 119.40499878 119.40499878 124.12239838 124.12239838 129.1867981 132.89169312 132.89169312 134.72799683 134.72799683 139.34030151 139.34030151 142.16700745 142.16700745 143.95680237 144.11410522
146.70480347 147.97579956 147.97579956 148.4683075 148.4683075 150.75990295 152.89480591 152.89480591 154.22669983 154.22669983 152.08799744 152.08799744 149.02619934 149.02619934 139.62680054 124.69439697 124.69439697 115.46600342 115.46600342 103.95300293 103.95300293 102.9763031 99.56936646 99.56936646 97.76677704 97.76677704 97.71328735 97.71328735 99.35327911 99.35327911 101.81089783 104.12950134 104.12950134 106.70050049 106.70050049 109.146698 109.146698 110.92099762 110.92099762 112.75440216 116.03230286 116.03230286 117.8431015 117.8431015 121.21589661 121.21589661 129.0493927 130.80540466 130.80540466 131.21150208 131.21150208 136.34049988 136.34049988 142.6322937 142.6322937 145.59049988 146.90640259
146.70480347 147.97579956 147.97579956 148.4683075 148.4683075 150.75990295 152.89480591 152.89480591 154.22669983 154.22669983 152.08799744 152.08799744 149.02619934 149.02619934 139.62680054 124.69439697 124.69439697 115.46600342 115.46600342 103.95300293 103.95300293 102.9763031 99.56936646 99.56936646 97.76677704 97.76677704 97.71328735 97.71328735 99.35327911 99.35327911 101.81089783 104.12950134 104.12950134 106.70050049 106.70050049 109.146698 109.146698 110.92099762 110.92099762 112.75440216 116.03230286 116.03230286 117.8431015 117.8431015 121.21589661 121.21589661 129.0493927 130.80540466 130.80540466 131.21150208 131.21150208 136.34049988 136.34049988 142.6322937 142.6322937 145.59049988 146.90640259
148.09700012 150.64329529 150.64329529 151.43370056 151.43370056 153.58990479 155.51649475 155.51649475 155.25059509 155.25059509 154.8914032 154.8914032 149.58009338 149.58009338 138.44540405 122.59929657 122.59929657 112.13480377 112.13480377 105.60929871 105.60929871 102.61979675 99.82317352 99.82317352 99.28871155 99.28871155 99.7191925 99.7191925 100.63549805 100.63549805 102.41660309 104.15859985 104.15859985 106.54759979 106.54759979 109.26490021 109.26490021 111.68650055 111.68650055 113.31359863 115.66390228 115.66390228 119.42890167 119.42890167 121.7315979 121.7315979 126.8463974 128.7171936 128.7171936 131.0131073 131.0131073 136.61149597 136.61149597 141.21090698 141.21090698 144.30889893 148.20750427
148.09700012 150.64329529 150.64329529 151.43370056 151.43370056 153.58990479 155.51649475 155.51649475 155.25059509 155.25059509 154.8914032 154.8914032 149.58009338 149.58009338 138.44540405 122.59929657 122.59929657 112.13480377 112.13480377 105.60929871 105.60929871 102.61979675 99.82317352 99.82317352 99.28871155 99.28871155 99.7191925 99.7191925 100.63549805 100.63549805 102.41660309 104.15859985 104.15859985 106.54759979 106.54759979 109.26490021 109.26490021 111.68650055 111.68650055 113.31359863 115.66390228 115.66390228 119.42890167 119.42890167 121.7315979 121.7315979 126.8463974 128.7171936 128.7171936 131.0131073 131.0131073 136.61149597 136.61149597 141.21090698 141.21090698 144.30889893 148.20750427
150.84240723 155.12980652 155.12980652 157.06210327 157.06210327 157.62219238 160.90950012 160.90950012 161.02619934 161.02619934 161.19200134 161.19200134 154.80870056 154.80870056 144.27819824 125.29859924 125.29859924 112.17019653 112.17019653 107.19650269 107.19650269 101.81900024 100.44059753 100.44059753 99.51780701 99.51780701 100.39949799 100.39949799 101.98760223 101.98760223 103.24780273 105.3035965 105.3035965 106.0121994 106.0121994 109.50019836 109.50019836 113.20709991 113.20709991 116.06199646 118.20619965 118.20619965 121.36250305 121.36250305 123.68450165 123.68450165 125.76200104 128.40119934 128.40119934 131.41439819 131.41439819 136.77160645 136.77160645 139.27049255 139.27049255 144.42849731 149.60800171
155.48260498 161.09300232 161.09300232 164.02630615 164.02630615 165.70410156 168.38800049 168.38800049 169.98309326 169.98309326 168.01530457 168.01530457 163.92390442 163.92390442 153.13690186 132.25489807 132.25489807 112.12860107 112.12860107 105.55449677 105.55449677 102.08550262 103.11060333 103.11060333 101.29740143 101.29740143 100.09750366 100.09750366 102.38780212 102.38780212 104.01580048 106.70899963 106.70899963 107.42120361 107.42120361 110.31620026 110.31620026 114.43379974 114.43379974 117.22059631 120.21479797 120.21479797 123.60440063 123.60440063 125.50869751 125.50869751 127.68090057 129.15800476 129.15800476 132.75039673 132.75039673 136.66999817 136.66999817 140.23320007 140.23320007 145.35479736 150.15010071
155.48260498 161.09300232 161.09300232 164.02630615 164.02630615 165.70410156 168.38800049 168.38800049 169.98309326 169.98309326 168.01530457 168.01530457 163.92390442 163.92390442 153.13690186 132.25489807 132.25489807 112.12860107 112.12860107 105.55449677 105.55449677 102.08550262 103.11060333 103.11060333 101.29740143 101.29740143 100.09750366 100.09750366 102.38780212 102.38780212 104.01580048 106.70899963 106.70899963 107.42120361 107.42120361 110.31620026 110.31620026 114.43379974 114.43379974 117.22059631 120.21479797 120.21479797 123.60440063 123.60440063 125.50869751 125.50869751 127.68090057 129.15800476 129.15800476 132.75039673 132.75039673 136.66999817 136.66999817 140.23320007 140.23320007 145.35479736 150.15010071
161.34950256 167.46760559 167.46760559 171.52549744 171.52549744 174.78640747 177.07589722 177.07589722 176.92880249 176.92880249 175.80479431 175.80479431 173.32020569 173.32020569 166.21220398 150.1947937 150.1947937 121.88420105 121.88420105 108.90920258 108.90920258 104.47029877 105.50659943 105.50659943 106.09570313 106.09570313 104.40850067 104.40850067 104.69439697 104.69439697 104.88500214 108.54070282 108.54070282 113.59929657 113.59929657 115.27809906 115.27809906 115.45020294 115.45020294 116.80960083 115.18389893 115.18389893 122.86009979 122.86009979 127.0286026 127.0286026 129.2868042 131.0177002 131.0177002 134.78219604 134.78219604 137.43009949 137.43009949 141.99310303 141.99310303 145.20869446 148.44239807
161.34950256 167.46760559 167.46760559 171.52549744 171.52549744 174.78640747 177.07589722 177.07589722 176.92880249 176.92880249 175.80479431 175.80479431 173.32020569 173.32020569 166.21220398 150.1947937 150.1947937 121.88420105 121.88420105 108.90920258 108.90920258 104.47029877 105.50659943 105.50659943 106.09570313 106.09570313 104.40850067 104.40850067 104.69439697 104.69439697 104.88500214 108.54070282 108.54070282 113.59929657 113.59929657 115.27809906 115.27809906 115.45020294 115.45020294 116.80960083 115.18389893 115.18389893 122.86009979 122.86009979 127.0286026 127.0286026 129.2868042 131.0177002 131.0177002 134.78219604 134.78219604 137.43009949 137.43009949 141.99310303 141.99310303 145.20869446 148.44239807
166.1829071 172.24710083 172.24710083 178.29530334 178.29530334 179.85569763 -179.28149414 -179.28149414 -179.06269836 -179.06269836 -179.12150574 -179.12150574 -178.98109436 -178.98109436 178.01409912 170.87860107 170.87860107 144.56809998 144.56809998 117.21800232 117.21800232 107.19589996 107.59999847 107.59999847 110.58080292 110.58080292 108.47170258 108.47170258 109.42279816 109.42279816 108.95999908 110.07219696 110.07219696 114.42520142 114.42520142 121.96289825 121.96289825 120.37139893 120.37139893 120.34889984 120.49859619 120.49859619 124.65840149 124.65840149 128.69509888 128.69509888 131.2592926 133.92959595 133.92959595 135.99450684 135.99450684 139.52340698 139.52340698 143.05990601 143.05990601 144.70809937 147.74609375
166.1829071 172.24710083 172.24710083 178.29530334 178.29530334 179.85569763 -179.28149414 -179.28149414 -179.06269836 -179.06269836 -179.12150574 -179.12150574 -178.98109436 -178.98109436 178.01409912 170.87860107 170.87860107 144.56809998 144.56809998 117.21800232 117.21800232 107.19589996 107.59999847 107.59999847 110.58080292 110.58080292 108.47170258 108.47170258 109.42279816 109.42279816 108.95999908 110.07219696 110.07219696 114.42520142 114.42520142 121.96289825 121.96289825 120.37139893 120.37139893 120.34889984 120.49859619 120.49859619 124.65840149 124.65840149 128.69509888 128.69509888 131.2592926 133.92959595 133.92959595 135.99450684 135.99450684 139.52340698 139.52340698 143.05990601 143.05990601 144.70809937 147.74609375
168.28970337 172.52909851 172.52909851 -179.47569275 -179.47569275 -177.28379822 -177.23829651 -177.23829651 -176.73210144 -176.73210144 -178.41329956 -178.41329956 -178.21060181 -178.21060181 -179.88150024 178.83970642 178.83970642 172.20399475 172.20399475 -9999 -9999 -9999 -9999 -9999 113.06069946 113.06069946 109.75029755 109.75029755 111.8588028 111.8588028 111.75579834 112.40149689 112.40149689 114.32969666 114.32969666 119.78250122 119.78250122 119.54309845 119.54309845 125.44319916 128.10879517 128.10879517 130.25889587 130.25889587 132.33239746 132.33239746 134.46420288 136.31359863 136.31359863 138.14610291 138.14610291 140.42010498 140.42010498 143.48019409 143.48019409 144.73579407 147.91990662
168.41589355 173.71749878 173.71749878 -177.75720215 -177.75720215 -175.53410339 -175.3769989 -175.3769989 -175.26750183 -175.26750183 -174.77420044 -174.77420044 -175.89250183 -175.89250183 -177.33700562 178.88859558 178.88859558 175.12640381 175.12640381 -9999 -9999 -9999 -9999 -9999 -9999 -9999 -9999 -9999 112.97810364 112.97810364 113.51650238 114.60630035 114.60630035 116.93569946 116.93569946 119.01409912 119.01409912 120.54139709 120.54139709 126.35600281 128.49279785 128.49279785 131.48049927 131.48049927 134.30070496 134.30070496 134.82330322 139.4203949 139.4203949 141.60099792 141.60099792 142.10569763 142.10569763 144.69560242 144.69560242 146.13749695 149.11689758
168.41589355 173.71749878 173.71749878 -177.75720215 -177.75720215 -175.53410339 -175.3769989 -175.3769989 -175.26750183 -175.26750183 -174.77420044 -174.77420044 -175.89250183 -175.89250183 -177.33700562 178.88859558 178.88859558 175.12640381 175.12640381 -9999 -9999 -9999 -9999 -9999 -9999 -9999 -9999 -9999 112.97810364 112.97810364 113.51650238 114.60630035 114.60630035 116.93569946 116.93569946 119.01409912 119.01409912 120.54139709 120.54139709 126.35600281 128.49279785 128.49279785 131.48049927 131.48049927 134.30070496 134.30070496 134.82330322 139.4203949 139.4203949 141.60099792 141.60099792 142.10569763 142.10569763 144.69560242 144.69560242 146.13749695 149.11689758
166.48730469 173.72669983 173.72669983 -179.02000427 -179.02000427 -176.41140747 -174.12130737 -174.12130737 -172.44909668 -172.44909668 -171.6967926 -171.6967926 -172.86019897 -172.86019897 -174.29420471 175.15139771 175.15139771 169.07910156 169.07910156 -9999 -9999 -9999 -9999 -9999 -9999 -9999 -9999 -9999 -9999 -9999 115.84200287 117.57740021 117.57740021 120.39900208 120.39900208 123.6352005 123.6352005 125.53050232 125.53050232 128.59339905 130.35910034 130.35910034 133.37120056 133.37120056 136.40890503 136.40890503 138.10879517 141.78819275 141.78819275 143.79319763 143.79319763 145.42250061 145.42250061 147.40330505 147.40330505 149.14250183 150.51269531
166.48730469 173.72669983 173.72669983 -179.02000427 -179.02000427 -176.41140747 -174.12130737 -174.12130737 -172.44909668 -172.44909668 -171.6967926 -171.6967926 -172.86019897 -172.86019897 -174.29420471 175.15139771 175.15139771 169.07910156 169.07910156 -9999 -9999 -9999 -9999 -9999 -9999 -9999 -9999 -9999 -9999 -9999 115.84200287 117.57740021 117.57740021 120.39900208 120.39900208 123.6352005 123.6352005 125.53050232 125.53050232 128.59339905 130.35910034 130.35910034 133.37120056 133.37120056 136.40890503 136.40890503 138.10879517 141.78819275 141.78819275 143.79319763 143.79319763 145.42250061 145.42250061 147.40330505 147.40330505 149.14250183 150.51269531
162.27780151 169.80799866 169.80799866 176.11210632 176.11210632 -179.28590393 -174.82829285 -174.82829285 -170.30740356 -170.30740356 -172.27879333 -172.27879333 -174.7322998 -174.7322998 -175.54530334 171.42990112 171.42990112 164.27799988 164.27799988 -9999 -9999 -9999 -9999 -9999 -9999 -9999 -9999 -9999 -9999 -9999 117.89430237 118.81629944 118.81629944 120.05590057 120.05590057 126.05020142 126.05020142 129.70480347 129.70480347 132.27690125 136.62019348 136.62019348 138.03630066 138.03630066 140.40519714 140.40519714 142.82330322 145.15109253 145.15109253 146.59790039 146.59790039 147.96670532 147.96670532 150.36639404 150.36639404 151.48039246 153.29930115
