example_data/reeves_groundingzone/direz_flussi.asc
ncols 161
nrows 143
xllcorner 587861.4
yllcorner 1677789.6
cellsize 200.000000
NODATA_value -9999
[rows 0 to 24 of 143, columns 0 to 56 of 161]
-9999 -9999 -9999 -9999 -9999 -9999 -9999 -9999 -9999 -9999 -9999 -9999 -9999 -9999 -9999 -9999 -9999 -9999 -9999 -9999 -9999 -9999 -9999 -9999 -9999 -9999 -9999 -9999 -9999 -9999 -9999 -9999 -9999 -9999 -9999 -9999 -9999 -9999 -9999 -9999 -9999 -9999 -9999 -9999 -9999 -9999 -9999 -9999 -9999 -9999 -9999 -9999 -9999 -9999 -9999 -9999 -9999
-9999 -9999 -9999 -9999 -9999 -9999 -9999 -9999 -9999 -9999 -9999 -9999 -9999 -9999 -9999 -9999 -9999 -9999 -9999 -9999 -9999 -9999 -9999 -9999 -9999 -9999 -9999 -9999 -9999 -9999 -9999 -9999 -9999 -9999 -9999 -9999 -9999 -9999 -9999 -9999 -9999 -9999 -9999 -9999 -9999 -9999 99.94522858 96.36937714 96.36937714 93.09999847 93.09999847 89.56284332 89.56284332 92.14147186 92.14147186 96.93570709 104.29489899
-9999 -9999 -9999 -9999 -9999 -9999 -9999 -9999 -9999 -9999 -9999 -9999 -9999 -9999 -9999 -9999 -9999 -9999 -9999 -9999 -9999 -9999 -9999 -9999 -9999 -9999 -9999 -9999 -9999 -9999 -9999 -9999 -9999 -9999 -9999 -9999 -9999 -9999 -9999 -9999 -9999 -9999 -9999 -9999 -9999 -9999 99.94522858 96.36937714 96.36937714 93.09999847 93.09999847 89.56284332 89.56284332 92.14147186 92.14147186 96.93570709 104.29489899
-9999 -9999 -9999 -9999 -9999 -9999 -9999 -9999 -9999 -9999 -9999 -9999 -9999 -9999 -9999 -9999 -9999 -9999 -9999 -9999 -9999 -9999 -9999 -9999 -9999 -9999 -9999 -9999 -9999 -9999 134.29289246 132.18969727 132.18969727 134.18260193 134.18260193 128.72619629 128.72619629 123.28900146 123.28900146 119.17169952 114.55879974 114.55879974 108.78089905 108.78089905 102.73549652 102.73549652 97.29946136 93.44695282 93.44695282 92.12032318 92.12032318 92.57199097 92.57199097 94.51561737 94.51561737 99.89901733 107.65969849
-9999 -9999 -9999 -9999 -9999 -9999 -9999 -9999 -9999 -9999 -9999 -9999 -9999 -9999 -9999 -9999 -9999 -9999 -9999 -9999 -9999 -9999 -9999 -9999 -9999 -9999 -9999 -9999 -9999 -9999 134.29289246 132.18969727 132.18969727 134.18260193 134.18260193 128.72619629 128.72619629 123.28900146 123.28900146 119.17169952 114.55879974 114.55879974 108.78089905 108.78089905 102.73549652 102.73549652 97.29946136 93.44695282 93.44695282 92.12032318 92.12032318 92.57199097 92.57199097 94.51561737 94.51561737 99.89901733 107.65969849
-9999 -9999 -9999 -9999 -9999 -9999 -9999 -9999 -9999 -9999 -9999 -9999 -9999 -9999 -9999 -9999 -9999 -9999 -9999 -9999 -9999 -9999 -9999 -9999 -9999 -9999 136.63969421 136.63969421 135.75610352 135.75610352 137.62319946 131.61279297 131.61279297 132.78720093 132.78720093 128.04089355 128.04089355 123.48590088 123.48590088 120.89009857 117.05879974 117.05879974 109.00309753 109.00309753 101.12599945 101.12599945 94.17369843 87.75827789 87.75827789 90.18170166 90.18170166 93.31268311 93.31268311 97.41425323 97.41425323 102.84100342 108.89330292
-9999 -9999 -9999 -9999 -9999 -9999 -9999 -9999 -9999 -9999 -9999 -9999 -9999 -9999 -9999 -9999 -9999 -9999 -9999 -9999 -9999 -9999 -9999 -9999 133.2539978 133.2539978 134.29719543 134.29719543 134.57789612 134.57789612 131.37399292 129.09150696 129.09150696 128.21440125 128.21440125 125.91929626 125.91929626 122.41999817 122.41999817 118.26679993 116.45729828 116.45729828 108.52770233 108.52770233 99.24421692 99.24421692 91.97775269 87.12703705 87.12703705 90.07398987 90.07398987 94.34036255 94.34036255 98.66471863 98.66471863 104.88800049 109.57790375
-9999 -9999 -9999 -9999 -9999 -9999 -9999 -9999 -9999 -9999 -9999 -9999 -9999 -9999 -9999 -9999 -9999 -9999 -9999 -9999 -9999 -9999 -9999 -9999 133.2539978 133.2539978 134.29719543 134.29719543 134.57789612 134.57789612 131.37399292 129.09150696 129.09150696 128.21440125 128.21440125 125.91929626 125.91929626 122.41999817 122.41999817 118.26679993 116.45729828 116.45729828 108.52770233 108.52770233 99.24421692 99.24421692 91.97775269 87.12703705 87.12703705 90.07398987 90.07398987 94.34036255 94.34036255 98.66471863 98.66471863 104.88800049 109.57790375
-9999 -9999 -9999 -9999 -9999 -9999 -9999 -9999 -9999 -9999 -9999 -9999 -9999 -9999 -9999 -9999 -9999 -9999 -9999 -9999 -9999 133.96890259 130.46800232 130.46800232 130.57800293 130.57800293 131.80940247 131.80940247 132.11889648 132.11889648 128.71609497 127.17520142 127.17520142 126.65630341 126.65630341 125.41280365 125.41280365 122.36029816 122.36029816 117.57859802 112.19550323 112.19550323 106.82679749 106.82679749 98.34120941 98.34120941 91.72029877 88.37280273 88.37280273 90.99559021 90.99559021 96.54875946 96.54875946 101.56620026 101.56620026 107.28320313 110.45480347
-9999 -9999 -9999 -9999 -9999 -9999 -9999 -9999 -9999 -9999 -9999 -9999 -9999 -9999 -9999 -9999 -9999 -9999 -9999 -9999 -9999 133.96890259 130.46800232 130.46800232 130.57800293 130.57800293 131.80940247 131.80940247 132.11889648 132.11889648 128.71609497 127.17520142 127.17520142 126.65630341 126.65630341 125.41280365 125.41280365 122.36029816 122.36029816 117.57859802 112.19550323 112.19550323 106.82679749 106.82679749 98.34120941 98.34120941 91.72029877 88.37280273 88.37280273 90.99559021 90.99559021 96.54875946 96.54875946 101.56620026 101.56620026 107.28320313 110.45480347
-9999 -9999 -9999 -9999 -9999 -9999 -9999 -9999 -9999 -9999 -9999 -9999 -9999 -9999 -9999 -9999 -9999 136.24549866 136.24549866 132.38439941 132.38439941 132.74989319 131.17399597 131.17399597 129.35519409 129.35519409 129.24330139 129.24330139 127.02220154 127.02220154 128.1098938 127.28990173 127.28990173 126.29850006 126.29850006 126.92359924 126.92359924 124.09169769 124.09169769 121.18530273 118.97940063 118.97940063 110.39890289 110.39890289 101.55380249 101.55380249 93.99609375 90.21948242 90.21948242 91.78103638 91.78103638 98.94203949 98.94203949 102.54740143 102.54740143 106.41159821 111.23059845
-9999 -9999 -9999 -9999 -9999 -9999 -9999 -9999 -9999 -9999 -9999 -9999 -9999 -9999 -9999 -9999 -9999 136.24549866 136.24549866 132.38439941 132.38439941 132.74989319 131.17399597 131.17399597 129.35519409 129.35519409 129.24330139 129.24330139 127.02220154 127.02220154 128.1098938 127.28990173 127.28990173 126.29850006 126.29850006 126.92359924 126.92359924 124.09169769 124.09169769 121.18530273 118.97940063 118.97940063 110.39890289 110.39890289 101.55380249 101.55380249 93.99609375 90.21948242 90.21948242 91.78103638 91.78103638 98.94203949 98.94203949 102.54740143 102.54740143 106.41159821 111.23059845
-9999 -9999 -9999 -9999 -9999 -9999 -9999 -9999 -9999 -9999 -9999 -9999 -9999 -9999 -9999 131.34190369 131.34190369 128.42359924 128.42359924 129.02870178 129.02870178 131.26060486 132.40440369 132.40440369 125.90209961 125.90209961 126.27890015 126.27890015 127.29620361 127.29620361 126.51119995 127.31279755 127.31279755 126.77210236 126.77210236 126.54920197 126.54920197 125.13230133 125.13230133 123.84470367 123.58119965 123.58119965 114.167099 114.167099 105.28759766 105.28759766 99.4754715 94.6448288 94.6448288 95.08022308 95.08022308 101.40419769 101.40419769 104.44120026 104.44120026 108.21130371 112.76339722
-9999 -9999 -9999 -9999 -9999 -9999 -9999 -9999 -9999 -9999 -9999 -9999 -9999 -9999 129.99339294 127.62989807 127.62989807 116.9213028 116.9213028 125.4878006 125.4878006 130.7006073 131.64050293 131.64050293 126.84130096 126.84130096 128.24060059 128.24060059 128.70829773 128.70829773 127.25009918 125.62509918 125.62509918 125.37560272 125.37560272 125.97180176 125.97180176 125.61440277 125.61440277 124.98670197 123.74919891 123.74919891 117.70480347 117.70480347 111.32700348 111.32700348 105.03009796 99.96861267 99.96861267 101.04859924 101.04859924 105.3035965 105.3035965 108.81659698 108.81659698 110.62030029 113.35050201
-9999 -9999 -9999 -9999 -9999 -9999 -9999 -9999 -9999 -9999 -9999 -9999 -9999 -9999 129.99339294 127.62989807 127.62989807 116.9213028 116.9213028 125.4878006 125.4878006 130.7006073 131.64050293 131.64050293 126.84130096 126.84130096 128.24060059 128.24060059 128.70829773 128.70829773 127.25009918 125.62509918 125.62509918 125.37560272 125.37560272 125.97180176 125.97180176 125.61440277 125.61440277 124.98670197 123.74919891 123.74919891 117.70480347 117.70480347 111.32700348 111.32700348 105.03009796 99.96861267 99.96861267 101.04859924 101.04859924 105.3035965 105.3035965 108.81659698 108.81659698 110.62030029 113.35050201
-9999 -9999 -9999 -9999 -9999 -9999 -9999 -9999 -9999 -9999 -9999 -9999 120.40270233 120.40270233 119.95379639 123.28720093 123.28720093 121.57129669 121.57129669 126.58830261 126.58830261 129.21130371 131.53359985 131.53359985 128.95950317 128.95950317 128.47709656 128.47709656 127.58070374 127.58070374 126.70680237 124.54090118 124.54090118 122.36710358 122.36710358 124.67620087 124.67620087 126.04309845 126.04309845 126.57350159 126.79129791 126.79129791 124.7039032 124.7039032 118.95780182 118.95780182 112.26519775 107.05760193 107.05760193 106.76660156 106.76660156 108.89179993 108.89179993 110.39569855 110.39569855 111.53440094 113.99559784
-9999 -9999 -9999 -9999 -9999 -9999 -9999 -9999 -9999 -9999 -9999 -9999 120.40270233 120.40270233 119.95379639 123.28720093 123.28720093 121.57129669 121.57129669 126.58830261 126.58830261 129.21130371 131.53359985 131.53359985 128.95950317 128.95950317 128.47709656 128.47709656 127.58070374 127.58070374 126.70680237 124.54090118 124.54090118 122.36710358 122.36710358 124.67620087 124.67620087 126.04309845 126.04309845 126.57350159 126.79129791 126.79129791 124.7039032 124.7039032 118.95780182 118.95780182 112.26519775 107.05760193 107.05760193 106.76660156 106.76660156 108.89179993 108.89179993 110.39569855 110.39569855 111.53440094 113.99559784
-9999 -9999 -9999 -9999 -9999 -9999 -9999 -9999 -9999 -9999 104.6713028 104.6713028 114.20970154 114.20970154 115.50090027 120.21520233 120.21520233 123.75769806 123.75769806 124.55239868 124.55239868 125.89050293 128.80149841 128.80149841 126.96589661 126.96589661 124.76730347 124.76730347 126.24559784 126.24559784 125.13899994 124.01950073 124.01950073 122.17610168 122.17610168 124.24230194 124.24230194 126.64250183 126.64250183 128.33189392 129.41419983 129.41419983 129.1414032 129.1414032 126.67510223 126.67510223 121.16609955 114.77100372 114.77100372 110.41590118 110.41590118 110.56459808 110.56459808 111.21920013 111.21920013 112.854599 114.6147995
-9999 -9999 -9999 -9999 -9999 -9999 -9999 -9999 -9999 -9999 104.6713028 104.6713028 114.20970154 114.20970154 115.50090027 120.21520233 120.21520233 123.75769806 123.75769806 124.55239868 124.55239868 125.89050293 128.80149841 128.80149841 126.96589661 126.96589661 124.76730347 124.76730347 126.24559784 126.24559784 125.13899994 124.01950073 124.01950073 122.17610168 122.17610168 124.24230194 124.24230194 126.64250183 126.64250183 128.33189392 129.41419983 129.41419983 129.1414032 129.1414032 126.67510223 126.67510223 121.16609955 114.77100372 114.77100372 110.41590118 110.41590118 110.56459808 110.56459808 111.21920013 111.21920013 112.854599 114.6147995
-9999 -9999 -9999 -9999 -9999 -9999 -9999 -9999 105.38749695 105.38749695 110.09230042 110.09230042 115.6529007 115.6529007 117.98829651 120.104599 120.104599 121.5510025 121.5510025 120.84500122 120.84500122 121.97969818 123.36869812 123.36869812 122.97550201 122.97550201 122.74210358 122.74210358 125.77410126 125.77410126 125.27230072 124.76210022 124.76210022 123.81510162 123.81510162 125.27519989 125.27519989 127.73269653 127.73269653 130.33500671 132.73609924 132.73609924 133.38760376 133.38760376 132.02799988 132.02799988 127.70999908 119.95709991 119.95709991 112.9469986 112.9469986 110.86119843 110.86119843 111.65059662 111.65059662 112.32939911 114.09230042
-9999 -9999 -9999 -9999 -9999 -9999 -9999 -9999 105.38749695 105.38749695 110.09230042 110.09230042 115.6529007 115.6529007 117.98829651 120.104599 120.104599 121.5510025 121.5510025 120.84500122 120.84500122 121.97969818 123.36869812 123.36869812 122.97550201 122.97550201 122.74210358 122.74210358 125.77410126 125.77410126 125.27230072 124.76210022 124.76210022 123.81510162 123.81510162 125.27519989 125.27519989 127.73269653 127.73269653 130.33500671 132.73609924 132.73609924 133.38760376 133.38760376 132.02799988 132.02799988 127.70999908 119.95709991 119.95709991 112.9469986 112.9469986 110.86119843 110.86119843 111.65059662 111.65059662 112.32939911 114.09230042
-9999 -9999 -9999 -9999 -9999 -9999 108.70290375 108.70290375 110.78820038 110.78820038 119.61650085 119.61650085 121.3463974 121.3463974 118.97470093 120.60050201 120.60050201 120.2303009 120.2303009 119.04940033 119.04940033 118.51480103 117.85250092 117.85250092 118.04329681 118.04329681 120.12999725 120.12999725 123.42569733 123.42569733 125.0184021 125.48490143 125.48490143 124.44300079 124.44300079 125.99169922 125.99169922 128.30400085 128.30400085 132.56019592 134.51010132 134.51010132 135.32589722 135.32589722 133.37480164 133.37480164 130.9210968 124.78800201 124.78800201 116.23370361 116.23370361 111.89830017 111.89830017 110.74279785 110.74279785 109.92669678 109.85690308
-9999 -9999 -9999 -9999 -9999 -9999 97.20704651 97.20704651 102.69460297 102.69460297 110.38569641 110.38569641 112.42449951 112.42449951 116.51139832 121.59059906 121.59059906 119.44740295 119.44740295 117.26069641 117.26069641 115.98000336 114.7582016 114.7582016 114.06199646 114.06199646 114.14330292 114.14330292 118.83519745 118.83519745 124.43979645 126.83830261 126.83830261 125.64679718 125.64679718 126.58300018 126.58300018 128.74200439 128.74200439 130.57780457 133.10049438 133.10049438 133.66439819 133.66439819 133.22520447 133.22520447 130.32209778 127.31600189 127.31600189 119.95629883 119.95629883 113.64299774 113.64299774 109.76979828 109.76979828 106.26029968 103.26740265
-9999 -9999 -9999 -9999 -9999 -9999 97.20704651 97.20704651 102.69460297 102.69460297 110.38569641 110.38569641 112.42449951 112.42449951 116.51139832 121.59059906 121.59059906 119.44740295 119.44740295 117.26069641 117.26069641 115.98000336 114.7582016 114.7582016 114.06199646 114.06199646 114.14330292 114.14330292 118.83519745 118.83519745 124.43979645 126.83830261 126.83830261 125.64679718 125.64679718 126.58300018 126.58300018 128.74200439 128.74200439 130.57780457 133.10049438 133.10049438 133.66439819 133.66439819 133.22520447 133.22520447 130.32209778 127.31600189 127.31600189 119.95629883 119.95629883 113.64299774 113.64299774 109.76979828 109.76979828 106.26029968 103.26740265
-9999 -9999 -9999 -9999 -9999 101.45059967 94.22231293 94.22231293 91.22395325 91.22395325 97.6349411 97.6349411 104.07250214 104.07250214 112.59850311 117.89320374 117.89320374 116.73190308 116.73190308 114.71089935 114.71089935 113.18800354 112.05709839 112.05709839 112.87760162 112.87760162 112.05059814 112.05059814 117.34400177 117.34400177 122.08209991 125.1631012 125.1631012 125.8553009 125.8553009 126.52059937 126.52059937 128.57730103 128.57730103 128.55230713 129.71240234 129.71240234 130.60009766 130.60009766 130.74609375 130.74609375 128.89900208 126.10829926 126.10829926 121.12740326 121.12740326 115.47329712 115.47329712 107.61000061 107.61000061 101.65670013 95.6602478
