example_data/reeves_groundingzone/direz_flussi.asc
ncols 161
nrows 143
xllcorner 587861.4
yllcorner 1677789.6
cellsize 200.000000
NODATA_value -9999
[rows 50 to 74 of 143, columns 0 to 56 of 161]
-9999 -9999 -9999 -9999 -9999 -9999 -9999 -9999 -9999 -9999 -9999 -9999 -9999 -9999 -9999 109.88790131 109.88790131 109.05410004 109.05410004 110.71199799 110.71199799 111.68090057 114.24430084 114.24430084 115.78269958 115.78269958 116.24259949 116.24259949 117.92880249 117.92880249 119.14160156 118.77539825 118.77539825 114.99120331 114.99120331 119.95040131 119.95040131 121.67179871 121.67179871 123.41020203 124.71730042 124.71730042 126.04920197 126.04920197 115.50460052 115.50460052 109.57679749 118.87319946 118.87319946 128.69230652 128.69230652 133.71409607 133.71409607 136.39610291 136.39610291 138.76609802 140.7973938
-9999 -9999 -9999 -9999 -9999 -9999 -9999 -9999 -9999 -9999 -9999 -9999 -9999 -9999 -9999 109.96320343 109.96320343 107.74500275 107.74500275 109.64910126 109.64910126 109.70469666 114.81580353 114.81580353 116.58989716 116.58989716 118.65619659 118.65619659 118.2634964 118.2634964 118.84670258 120.06020355 120.06020355 121.15200043 121.15200043 123.73899841 123.73899841 125.9178009 125.9178009 128.08900452 130.03619385 130.03619385 132.41990662 132.41990662 126.25330353 126.25330353 113.26119995 118.6753006 118.6753006 131.27479553 131.27479553 135.96330261 135.96330261 138.77450562 138.77450562 140.90550232 142.75889587
-9999 -9999 -9999 -9999 -9999 -9999 -9999 -9999 -9999 -9999 -9999 -9999 -9999 -9999 -9999 109.96320343 109.96320343 107.74500275 107.74500275 109.64910126 109.64910126 109.70469666 114.81580353 114.81580353 116.58989716 116.58989716 118.65619659 118.65619659 118.2634964 118.2634964 118.84670258 120.06020355 120.06020355 121.15200043 121.15200043 123.73899841 123.73899841 125.9178009 125.9178009 128.08900452 130.03619385 130.03619385 132.41990662 132.41990662 126.25330353 126.25330353 113.26119995 118.6753006 118.6753006 131.27479553 131.27479553 135.96330261 135.96330261 138.77450562 138.77450562 140.90550232 142.75889587
-9999 -9999 -9999 -9999 -9999 -9999 -9999 -9999 -9999 -9999 -9999 -9999 -9999 -9999 -9999 111.97080231 111.97080231 110.729599 110.729599 111.46070099 111.46070099 110.81060028 115.50740051 115.50740051 118.61180115 118.61180115 121.9611969 121.9611969 121.57679749 121.57679749 122.28839874 123.4858017 123.4858017 125.68720245 125.68720245 126.98809814 126.98809814 130.5572052 130.5572052 133.08140564 134.90409851 134.90409851 135.86990356 135.86990356 134.78770447 134.78770447 132.00990295 -9999 -9999 -9999 -9999 139.33850098 139.33850098 141.19549561 141.19549561 142.88800049 144.52900696
-9999 -9999 -9999 -9999 -9999 -9999 -9999 -9999 -9999 -9999 -9999 -9999 -9999 -9999 -9999 -9999 -9999 116.97280121 116.97280121 114.6588974 114.6588974 113.55249786 116.89830017 116.89830017 121.54859924 121.54859924 125.77999878 125.77999878 126.75299835 126.75299835 127.8934021 129.03779602 129.03779602 131.21069336 131.21069336 134.82969666 134.82969666 137.26649475 137.26649475 138.85079956 140.57550049 140.57550049 141.74130249 141.74130249 142.20140076 142.20140076 144.15209961 -9999 -9999 -9999 -9999 143.3381958 143.3381958 143.36470032 143.36470032 144.29370117 145.17700195
-9999 -9999 -9999 -9999 -9999 -9999 -9999 -9999 -9999 -9999 -9999 -9999 -9999 -9999 -9999 -9999 -9999 116.97280121 116.97280121 114.6588974 114.6588974 113.55249786 116.89830017 116.89830017 121.54859924 121.54859924 125.77999878 125.77999878 126.75299835 126.75299835 127.8934021 129.03779602 129.03779602 131.21069336 131.21069336 134.82969666 134.82969666 137.26649475 137.26649475 138.85079956 140.57550049 140.57550049 141.74130249 141.74130249 142.20140076 142.20140076 144.15209961 -9999 -9999 -9999 -9999 143.3381958 143.3381958 143.36470032 143.36470032 144.29370117 145.17700195
-9999 -9999 -9999 -9999 -9999 -9999 -9999 -9999 -9999 -9999 -9999 -9999 -9999 -9999 -9999 -9999 -9999 118.54669952 118.54669952 117.97579956 117.97579956 117.79540253 117.90450287 117.90450287 121.88760376 121.88760376 127.21379852 127.21379852 130.48060608 130.48060608 131.86199951 134.92469788 134.92469788 137.98890686 137.98890686 141.17739868 141.17739868 143.88999939 143.88999939 144.60420227 146.91290283 146.91290283 147.248703 147.248703 147.03739929 147.03739929 146.80630493 -9999 -9999 -9999 -9999 -9999 -9999 145.28439331 145.28439331 144.93209839 145.76550293
-9999 -9999 -9999 -9999 -9999 -9999 -9999 -9999 -9999 -9999 -9999 -9999 -9999 -9999 -9999 -9999 -9999 118.54669952 118.54669952 117.97579956 117.97579956 117.79540253 117.90450287 117.90450287 121.88760376 121.88760376 127.21379852 127.21379852 130.48060608 130.48060608 131.86199951 134.92469788 134.92469788 137.98890686 137.98890686 141.17739868 141.17739868 143.88999939 143.88999939 144.60420227 146.91290283 146.91290283 147.248703 147.248703 147.03739929 147.03739929 146.80630493 -9999 -9999 -9999 -9999 -9999 -9999 145.28439331 145.28439331 144.93209839 145.76550293
-9999 -9999 -9999 -9999 -9999 -9999 -9999 -9999 -9999 -9999 -9999 -9999 -9999 -9999 -9999 -9999 -9999 114.70770264 114.70770264 114.73349762 114.73349762 119.52259827 120.15299988 120.15299988 122.50879669 122.50879669 126.82409668 126.82409668 130.54589844 130.54589844 131.57749939 139.58799744 139.58799744 142.9848938 142.9848938 145.88409424 145.88409424 149.66619873 149.66619873 152.60479736 152.11889648 152.11889648 150.97749329 150.97749329 149.55839539 149.55839539 146.9125061 140.80430603 140.80430603 128.34669495 128.34669495 -9999 -9999 137.38720703 137.38720703 143.95280457 146.70480347
-9999 -9999 -9999 -9999 -9999 -9999 -9999 -9999 -9999 -9999 -9999 -9999 -9999 -9999 -9999 -9999 -9999 114.70770264 114.70770264 114.73349762 114.73349762 119.52259827 120.15299988 120.15299988 122.50879669 122.50879669 126.82409668 126.82409668 130.54589844 130.54589844 131.57749939 139.58799744 139.58799744 142.9848938 142.9848938 145.88409424 145.88409424 149.66619873 149.66619873 152.60479736 152.11889648 152.11889648 150.97749329 150.97749329 149.55839539 149.55839539 146.9125061 140.80430603 140.80430603 128.34669495 128.34669495 -9999 -9999 137.38720703 137.38720703 143.95280457 146.70480347
-9999 -9999 -9999 -9999 -9999 -9999 -9999 -9999 -9999 -9999 -9999 -9999 -9999 -9999 -9999 -9999 -9999 -9999 -9999 115.41790009 115.41790009 120.59279633 123.2378006 123.2378006 125.41130066 125.41130066 121.50769806 121.50769806 130.74450684 130.74450684 134.95649719 141.0249939 141.0249939 147.31329346 147.31329346 150.80290222 150.80290222 153.52920532 153.52920532 154.85769653 154.37710571 154.37710571 153.11010742 153.11010742 150.97950745 150.97950745 146.49769592 136.21270752 136.21270752 118.08480072 118.08480072 108.21209717 108.21209717 124.8035965 124.8035965 141.57359314 148.09700012
-9999 -9999 -9999 -9999 -9999 -9999 -9999 -9999 -9999 -9999 -9999 -9999 -9999 -9999 -9999 -9999 -9999 -9999 -9999 115.41790009 115.41790009 120.59279633 123.2378006 123.2378006 125.41130066 125.41130066 121.50769806 121.50769806 130.74450684 130.74450684 134.95649719 141.0249939 141.0249939 147.31329346 147.31329346 150.80290222 150.80290222 153.52920532 153.52920532 154.85769653 154.37710571 154.37710571 153.11010742 153.11010742 150.97950745 150.97950745 146.49769592 136.21270752 136.21270752 118.08480072 118.08480072 108.21209717 108.21209717 124.8035965 124.8035965 141.57359314 148.09700012
-9999 -9999 -9999 -9999 -9999 -9999 -9999 -9999 -9999 -9999 -9999 -9999 -9999 -9999 -9999 -9999 -9999 -9999 -9999 -9999 -9999 124.40540314 126.33830261 126.33830261 127.94029999 127.94029999 127.96440125 127.96440125 131.37879944 131.37879944 136.11959839 139.43330383 139.43330383 147.00160217 147.00160217 154.04119873 154.04119873 156.24719238 156.24719238 157.36489868 156.47250366 156.47250366 154.71209717 154.71209717 152.38110352 152.38110352 147.05059814 134.41279602 134.41279602 109.73880005 109.73880005 100.77290344 100.77290344 118.32389832 118.32389832 140.51119995 150.84240723
-9999 -9999 -9999 -9999 -9999 -9999 -9999 -9999 -9999 -9999 -9999 -9999 -9999 -9999 -9999 -9999 -9999 -9999 -9999 -9999 -9999 -9999 128.93490601 128.93490601 131.99380493 131.99380493 134.76820374 134.76820374 135.04679871 135.04679871 139.94599915 142.18049622 142.18049622 145.51820374 145.51820374 152.59519958 152.59519958 157.11689758 157.11689758 159.23840332 159.38749695 159.38749695 157.43429565 157.43429565 154.60209656 154.60209656 149.22599792 138.06629944 138.06629944 117.10669708 117.10669708 101.02380371 101.02380371 95.41233063 95.41233063 140.59140015 155.48260498
-9999 -9999 -9999 -9999 -9999 -9999 -9999 -9999 -9999 -9999 -9999 -9999 -9999 -9999 -9999 -9999 -9999 -9999 -9999 -9999 -9999 -9999 128.93490601 128.93490601 131.99380493 131.99380493 134.76820374 134.76820374 135.04679871 135.04679871 139.94599915 142.18049622 142.18049622 145.51820374 145.51820374 152.59519958 152.59519958 157.11689758 157.11689758 159.23840332 159.38749695 159.38749695 157.43429565 157.43429565 154.60209656 154.60209656 149.22599792 138.06629944 138.06629944 117.10669708 117.10669708 101.02380371 101.02380371 95.41233063 95.41233063 140.59140015 155.48260498
-9999 -9999 -9999 -9999 -9999 -9999 -9999 -9999 -9999 -9999 -9999 -9999 -9999 -9999 -9999 -9999 -9999 -9999 -9999 -9999 -9999 -9999 -9999 -9999 131.8704071 131.8704071 127.17030334 127.17030334 133.04460144 133.04460144 143.67689514 147.7131958 147.7131958 148.8578949 148.8578949 152.59249878 152.59249878 158.7052002 158.7052002 160.67219543 160.26739502 160.26739502 160.19920349 160.19920349 157.46150208 157.46150208 152.13369751 143.90640259 143.90640259 131.21389771 131.21389771 112.60109711 112.60109711 87.98150635 87.98150635 145.65289307 161.34950256
-9999 -9999 -9999 -9999 -9999 -9999 -9999 -9999 -9999 -9999 -9999 -9999 -9999 -9999 -9999 -9999 -9999 -9999 -9999 -9999 -9999 -9999 -9999 -9999 131.8704071 131.8704071 127.17030334 127.17030334 133.04460144 133.04460144 143.67689514 147.7131958 147.7131958 148.8578949 148.8578949 152.59249878 152.59249878 158.7052002 158.7052002 160.67219543 160.26739502 160.26739502 160.19920349 160.19920349 157.46150208 157.46150208 152.13369751 143.90640259 143.90640259 131.21389771 131.21389771 112.60109711 112.60109711 87.98150635 87.98150635 145.65289307 161.34950256
-9999 -9999 -9999 -9999 -9999 -9999 -9999 -9999 -9999 -9999 -9999 -9999 -9999 -9999 -9999 -9999 -9999 -9999 -9999 -9999 -9999 -9999 -9999 -9999 -9999 -9999 126.55380249 126.55380249 132.51870728 132.51870728 142.36239624 148.84370422 148.84370422 152.16619873 152.16619873 154.57000732 154.57000732 158.58349609 158.58349609 161.73039246 161.92430115 161.92430115 162.165802 162.165802 158.97650146 158.97650146 153.92460632 147.49949646 147.49949646 138.09120178 138.09120178 115.45490265 115.45490265 123.19850159 123.19850159 155.02310181 166.1829071
-9999 -9999 -9999 -9999 -9999 -9999 -9999 -9999 -9999 -9999 -9999 -9999 -9999 -9999 -9999 -9999 -9999 -9999 -9999 -9999 -9999 -9999 -9999 -9999 -9999 -9999 126.55380249 126.55380249 132.51870728 132.51870728 142.36239624 148.84370422 148.84370422 152.16619873 152.16619873 154.57000732 154.57000732 158.58349609 158.58349609 161.73039246 161.92430115 161.92430115 162.165802 162.165802 158.97650146 158.97650146 153.92460632 147.49949646 147.49949646 138.09120178 138.09120178 115.45490265 115.45490265 123.19850159 123.19850159 155.02310181 166.1829071
-9999 -9999 -9999 -9999 -9999 -9999 -9999 -9999 -9999 -9999 -9999 -9999 -9999 -9999 -9999 -9999 -9999 -9999 -9999 -9999 -9999 -9999 -9999 -9999 -9999 -9999 -9999 -9999 135.52799988 135.52799988 138.27099609 146.35620117 146.35620117 153.00100708 153.00100708 155.59710693 155.59710693 159.51609802 159.51609802 162.37989807 164.27980042 164.27980042 162.57400513 162.57400513 158.77709961 158.77709961 154.24440002 148.16920471 148.16920471 142.34759521 142.34759521 127.35720062 127.35720062 133.61889648 133.61889648 160.48120117 168.28970337
-9999 -9999 -9999 -9999 -9999 -9999 -9999 -9999 -9999 -9999 -9999 -9999 -9999 -9999 -9999 -9999 -9999 -9999 -9999 -9999 -9999 -9999 -9999 -9999 -9999 -9999 -9999 -9999 -9999 -9999 139.10679626 143.9954071 143.9954071 153.167099 153.167099 156.91409302 156.91409302 160.68559265 160.68559265 162.16949463 164.03529358 164.03529358 161.46850586 161.46850586 157.54829407 157.54829407 155.248703 143.96409607 143.96409607 136.50259399 136.50259399 124.09200287 124.09200287 144.01179504 144.01179504 160.94909668 168.41589355
-9999 -9999 -9999 -9999 -9999 -9999 -9999 -9999 -9999 -9999 -9999 -9999 -9999 -9999 -9999 -9999 -9999 -9999 -9999 -9999 -9999 -9999 -9999 -9999 -9999 -9999 -9999 -9999 -9999 -9999 139.10679626 143.9954071 143.9954071 153.167099 153.167099 156.91409302 156.91409302 160.68559265 160.68559265 162.16949463 164.03529358 164.03529358 161.46850586 161.46850586 157.54829407 157.54829407 155.248703 143.96409607 143.96409607 136.50259399 136.50259399 124.09200287 124.09200287 144.01179504 144.01179504 160.94909668 168.41589355
-9999 -9999 -9999 -9999 -9999 -9999 -9999 -9999 -9999 -9999 -9999 -9999 -9999 -9999 -9999 -9999 -9999 -9999 -9999 -9999 -9999 -9999 -9999 -9999 -9999 -9999 -9999 -9999 -9999 -9999 -9999 145.2348938 145.2348938 149.74440002 149.74440002 158.69540405 158.69540405 161.17700195 161.17700195 161.65600586 163.72219849 163.72219849 160.08399963 160.08399963 154.53939819 154.53939819 147.30549622 128.52890015 128.52890015 127.42900085 127.42900085 130.65379333 130.65379333 145.66119385 145.66119385 157.85809326 166.48730469
-9999 -9999 -9999 -9999 -9999 -9999 -9999 -9999 -9999 -9999 -9999 -9999 -9999 -9999 -9999 -9999 -9999 -9999 -9999 -9999 -9999 -9999 -9999 -9999 -9999 -9999 -9999 -9999 -9999 -9999 -9999 145.2348938 145.2348938 149.74440002 149.74440002 158.69540405 158.69540405 161.17700195 161.17700195 161.65600586 163.72219849 163.72219849 160.08399963 160.08399963 154.53939819 154.53939819 147.30549622 128.52890015 128.52890015 127.42900085 127.42900085 130.65379333 130.65379333 145.66119385 145.66119385 157.85809326 166.48730469
-9999 -9999 -9999 -9999 -9999 -9999 -9999 -9999 -9999 -9999 -9999 -9999 -9999 -9999 -9999 -9999 -9999 -9999 -9999 -9999 -9999 -9999 -9999 -9999 -9999 -9999 -9999 -9999 -9999 -9999 -9999 -9999 -9999 150.78030396 150.78030396 158.44859314 158.44859314 161.62820435 161.62820435 162.34959412 162.16850281 162.16850281 158.77229309 158.77229309 151.81109619 151.81109619 141.45710754 128.10800171 128.10800171 128.26719666 128.26719666 134.11839294 134.11839294 143.16960144 143.16960144 153.30599976 162.27780151
