example_data/reeves_groundingzone/direz_flussi.asc
ncols 161
nrows 143
xllcorner 587861.4
yllcorner 1677789.6
cellsize 200.000000
NODATA_value -9999
[rows 75 to 99 of 143, columns 57 to 113 of 161]
162.27780151 169.80799866 169.80799866 176.11210632 176.11210632 -179.28590393 -174.82829285 -174.82829285 -170.30740356 -170.30740356 -172.27879333 -172.27879333 -174.7322998 -174.7322998 -175.54530334 171.42990112 171.42990112 164.27799988 164.27799988 -9999 -9999 -9999 -9999 -9999 -9999 -9999 -9999 -9999 -9999 -9999 117.89430237 118.81629944 118.81629944 120.05590057 120.05590057 126.05020142 126.05020142 129.70480347 129.70480347 132.27690125 136.62019348 136.62019348 138.03630066 138.03630066 140.40519714 140.40519714 142.82330322 145.15109253 145.15109253 146.59790039 146.59790039 147.96670532 147.96670532 150.36639404 150.36639404 151.48039246 153.29930115
156.76950073 164.4559021 164.4559021 170.24349976 170.24349976 177.07409668 -177.85809326 -177.85809326 -173.90890503 -173.90890503 -175.269104 -175.269104 -176.32119751 -176.32119751 -177.91200256 169.31719971 169.31719971 161.1631012 161.1631012 -9999 -9999 -9999 -9999 -9999 -9999 -9999 -9999 -9999 -9999 -9999 117.52349854 116.99369812 116.99369812 118.62979889 118.62979889 126.09680176 126.09680176 130.48570251 130.48570251 134.81530762 138.69769287 138.69769287 140.67399597 140.67399597 142.13839722 142.13839722 144.12330627 147.00650024 147.00650024 149.85769653 149.85769653 151.22940063 151.22940063 152.58050537 152.58050537 152.2592926 155.47489929
156.76950073 164.4559021 164.4559021 170.24349976 170.24349976 177.07409668 -177.85809326 -177.85809326 -173.90890503 -173.90890503 -175.269104 -175.269104 -176.32119751 -176.32119751 -177.91200256 169.31719971 169.31719971 161.1631012 161.1631012 -9999 -9999 -9999 -9999 -9999 -9999 -9999 -9999 -9999 -9999 -9999 117.52349854 116.99369812 116.99369812 118.62979889 118.62979889 126.09680176 126.09680176 130.48570251 130.48570251 134.81530762 138.69769287 138.69769287 140.67399597 140.67399597 142.13839722 142.13839722 144.12330627 147.00650024 147.00650024 149.85769653 149.85769653 151.22940063 151.22940063 152.58050537 152.58050537 152.2592926 155.47489929
149.85929871 158.46730042 158.46730042 165.53430176 165.53430176 172.17210388 176.09359741 176.09359741 178.81759644 178.81759644 -179.46730042 -179.46730042 179.97779846 179.97779846 175.87190247 165.03739929 165.03739929 143.47340393 143.47340393 -9999 -9999 -9999 -9999 -9999 -9999 -9999 -9999 -9999 -9999 -9999 75.37999725 108.70240021 108.70240021 113.13839722 113.13839722 122.28119659 122.28119659 130.13830566 130.13830566 137.98809814 141.82659912 141.82659912 144.91700745 144.91700745 145.94799805 145.94799805 147.85339355 150.04800415 150.04800415 152.40859985 152.40859985 153.52670288 153.52670288 154.50439453 154.50439453 153.93930054 155.92759705
138.40229797 151.11250305 151.11250305 160.87869263 160.87869263 168.54040527 171.02029419 171.02029419 173.32069397 173.32069397 174.34719849 174.34719849 171.87890625 171.87890625 165.16270447 159.998703 159.998703 148.4125061 148.4125061 142.74009705 142.74009705 -9999 -9999 -9999 -9999 -9999 -9999 -9999 -9999 -9999 -9999 93.64784241 93.64784241 94.20654297 94.20654297 112.95400238 112.95400238 130.28239441 130.28239441 136.91349792 144.06069946 144.06069946 146.96789551 146.96789551 149.78599548 149.78599548 150.77360535 152.08380127 152.08380127 153.43840027 153.43840027 154.50340271 154.50340271 156.97869873 156.97869873 156.48440552 153.86880493
138.40229797 151.11250305 151.11250305 160.87869263 160.87869263 168.54040527 171.02029419 171.02029419 173.32069397 173.32069397 174.34719849 174.34719849 171.87890625 171.87890625 165.16270447 159.998703 159.998703 148.4125061 148.4125061 142.74009705 142.74009705 -9999 -9999 -9999 -9999 -9999 -9999 -9999 -9999 -9999 -9999 93.64784241 93.64784241 94.20654297 94.20654297 112.95400238 112.95400238 130.28239441 130.28239441 136.91349792 144.06069946 144.06069946 146.96789551 146.96789551 149.78599548 149.78599548 150.77360535 152.08380127 152.08380127 153.43840027 153.43840027 154.50340271 154.50340271 156.97869873 156.97869873 156.48440552 153.86880493
133.69760132 144.93780518 144.93780518 154.93370056 154.93370056 162.86039734 166.77029419 166.77029419 168.24130249 168.24130249 166.78970337 166.78970337 164.13999939 164.13999939 157.04499817 152.73989868 152.73989868 145.77720642 145.77720642 136.42630005 136.42630005 125.67620087 -9999 -9999 -9999 -9999 -9999 -9999 -9999 -9999 75.32952118 78.74311829 78.74311829 81.36267853 81.36267853 103.57879639 103.57879639 126.33570099 126.33570099 139.39770508 144.9967041 144.9967041 147.72109985 147.72109985 150.45599365 150.45599365 151.44470215 153.27540588 153.27540588 155.34440613 155.34440613 156.38290405 156.38290405 157.69590759 157.69590759 157.70750427 155.0921936
133.69760132 144.93780518 144.93780518 154.93370056 154.93370056 162.86039734 166.77029419 166.77029419 168.24130249 168.24130249 166.78970337 166.78970337 164.13999939 164.13999939 157.04499817 152.73989868 152.73989868 145.77720642 145.77720642 136.42630005 136.42630005 125.67620087 -9999 -9999 -9999 -9999 -9999 -9999 -9999 -9999 75.32952118 78.74311829 78.74311829 81.36267853 81.36267853 103.57879639 103.57879639 126.33570099 126.33570099 139.39770508 144.9967041 144.9967041 147.72109985 147.72109985 150.45599365 150.45599365 151.44470215 153.27540588 153.27540588 155.34440613 155.34440613 156.38290405 156.38290405 157.69590759 157.69590759 157.70750427 155.0921936
132.8374939 140.56599426 140.56599426 148.46560669 148.46560669 155.21800232 160.57409668 160.57409668 161.74530029 161.74530029 160.01980591 160.01980591 157.67550659 157.67550659 152.12980652 143.14889526 143.14889526 136.15559387 136.15559387 128.89390564 128.89390564 118.67890167 100.98999786 100.98999786 100.95359802 100.95359802 -9999 -9999 80.98262024 80.98262024 72.67030334 64.26490784 64.26490784 73.47434998 73.47434998 95.07317352 95.07317352 123.9197998 123.9197998 138.38169861 144.55419922 144.55419922 148.91529846 148.91529846 152.21229553 152.21229553 153.09959412 155.76289368 155.76289368 157.22590637 157.22590637 157.9447937 157.9447937 159.06309509 159.06309509 159.36219788 158.46800232
132.8374939 140.56599426 140.56599426 148.46560669 148.46560669 155.21800232 160.57409668 160.57409668 161.74530029 161.74530029 160.01980591 160.01980591 157.67550659 157.67550659 152.12980652 143.14889526 143.14889526 136.15559387 136.15559387 128.89390564 128.89390564 118.67890167 100.98999786 100.98999786 100.95359802 100.95359802 -9999 -9999 80.98262024 80.98262024 72.67030334 64.26490784 64.26490784 73.47434998 73.47434998 95.07317352 95.07317352 123.9197998 123.9197998 138.38169861 144.55419922 144.55419922 148.91529846 148.91529846 152.21229553 152.21229553 153.09959412 155.76289368 155.76289368 157.22590637 157.22590637 157.9447937 157.9447937 159.06309509 159.06309509 159.36219788 158.46800232
129.38699341 135.91149902 135.91149902 142.54890442 142.54890442 148.7960968 154.11180115 154.11180115 155.44039917 155.44039917 154.59199524 154.59199524 150.38589478 150.38589478 146.6578064 139.24839783 139.24839783 134.23669434 134.23669434 128.72610474 128.72610474 117.99250031 107.36190033 107.36190033 99.3669281 99.3669281 97.24963379 97.24963379 89.45960236 89.45960236 80.13619995 66.51046753 66.51046753 81.86031342 81.86031342 104.71630096 104.71630096 128.93269348 128.93269348 134.3690033 140.75630188 140.75630188 150.33120728 150.33120728 154.84640503 154.84640503 155.65660095 158.02659607 158.02659607 157.71659851 157.71659851 158.6546936 158.6546936 159.85450745 159.85450745 161.01319885 162.67770386
125.49629974 131.2250061 131.2250061 136.95429993 136.95429993 143.02209473 148.05409241 148.05409241 148.61410522 148.61410522 149.83990479 149.83990479 144.93859863 144.93859863 141.07850647 135.17590332 135.17590332 131.89500427 131.89500427 129.24130249 129.24130249 119.96530151 110.625 110.625 101.7684021 101.7684021 100.8164978 100.8164978 91.91755676 91.91755676 81.92041016 76.2041626 76.2041626 94.99504852 94.99504852 108.02780151 108.02780151 127.751297 127.751297 133.36210632 140.01420593 140.01420593 150.53089905 150.53089905 155.52909851 155.52909851 156.36540222 157.9631958 157.9631958 158.56129456 158.56129456 158.7749939 158.7749939 159.72009277 159.72009277 160.78030396 162.69639587
125.49629974 131.2250061 131.2250061 136.95429993 136.95429993 143.02209473 148.05409241 148.05409241 148.61410522 148.61410522 149.83990479 149.83990479 144.93859863 144.93859863 141.07850647 135.17590332 135.17590332 131.89500427 131.89500427 129.24130249 129.24130249 119.96530151 110.625 110.625 101.7684021 101.7684021 100.8164978 100.8164978 91.91755676 91.91755676 81.92041016 76.2041626 76.2041626 94.99504852 94.99504852 108.02780151 108.02780151 127.751297 127.751297 133.36210632 140.01420593 140.01420593 150.53089905 150.53089905 155.52909851 155.52909851 156.36540222 157.9631958 157.9631958 158.56129456 158.56129456 158.7749939 158.7749939 159.72009277 159.72009277 160.78030396 162.69639587
121.93520355 127.06610107 127.06610107 130.89120483 130.89120483 137.65950012 143.563797 143.563797 144.35420227 144.35420227 143.8999939 143.8999939 141.23240662 141.23240662 136.33709717 132.20809937 132.20809937 126.78679657 126.78679657 122.77670288 122.77670288 115.80619812 106.58679962 106.58679962 101.70749664 101.70749664 105.94080353 105.94080353 90.9174118 90.9174118 83.99449158 86.91294861 86.91294861 102.06140137 102.06140137 112.3125 112.3125 124.16120148 124.16120148 131.12609863 138.63479614 138.63479614 147.69200134 147.69200134 155.62120056 155.62120056 155.90130615 157.37469482 157.37469482 160.16900635 160.16900635 160.57249451 160.57249451 160.50340271 160.50340271 161.00190735 160.05310059
121.93520355 127.06610107 127.06610107 130.89120483 130.89120483 137.65950012 143.563797 143.563797 144.35420227 144.35420227 143.8999939 143.8999939 141.23240662 141.23240662 136.33709717 132.20809937 132.20809937 126.78679657 126.78679657 122.77670288 122.77670288 115.80619812 106.58679962 106.58679962 101.70749664 101.70749664 105.94080353 105.94080353 90.9174118 90.9174118 83.99449158 86.91294861 86.91294861 102.06140137 102.06140137 112.3125 112.3125 124.16120148 124.16120148 131.12609863 138.63479614 138.63479614 147.69200134 147.69200134 155.62120056 155.62120056 155.90130615 157.37469482 157.37469482 160.16900635 160.16900635 160.57249451 160.57249451 160.50340271 160.50340271 161.00190735 160.05310059
118.21489716 125.01139832 125.01139832 127.44400024 127.44400024 133.81950378 140.55160522 140.55160522 141.94309998 141.94309998 139.65080261 139.65080261 136.80630493 136.80630493 133.31210327 129.88659668 129.88659668 124.28800201 124.28800201 119.89689636 119.89689636 111.36239624 103.76999664 103.76999664 103.52870178 103.52870178 105.22599792 105.22599792 93.97841644 93.97841644 94.56109619 94.17320251 94.17320251 103.53639984 103.53639984 114.02960205 114.02960205 121.12110138 121.12110138 128.4078064 136.12730408 136.12730408 144.95339966 144.95339966 152.94540405 152.94540405 152.40040588 154.9776001 154.9776001 159.20779419 159.20779419 162.79620361 162.79620361 160.08639526 160.08639526 158.21299744 159.10339355
118.21489716 125.01139832 125.01139832 127.44400024 127.44400024 133.81950378 140.55160522 140.55160522 141.94309998 141.94309998 139.65080261 139.65080261 136.80630493 136.80630493 133.31210327 129.88659668 129.88659668 124.28800201 124.28800201 119.89689636 119.89689636 111.36239624 103.76999664 103.76999664 103.52870178 103.52870178 105.22599792 105.22599792 93.97841644 93.97841644 94.56109619 94.17320251 94.17320251 103.53639984 103.53639984 114.02960205 114.02960205 121.12110138 121.12110138 128.4078064 136.12730408 136.12730408 144.95339966 144.95339966 152.94540405 152.94540405 152.40040588 154.9776001 154.9776001 159.20779419 159.20779419 162.79620361 162.79620361 160.08639526 160.08639526 158.21299744 159.10339355
113.51399994 120.52899933 120.52899933 121.97850037 121.97850037 133.16690063 139.27310181 139.27310181 139.59129333 139.59129333 137.04980469 137.04980469 135.27850342 135.27850342 130.37409973 125.8125 125.8125 122.80059814 122.80059814 116.98529816 116.98529816 110.55639648 101.73729706 101.73729706 106.4036026 106.4036026 100.91570282 100.91570282 93.10485077 93.10485077 100.875 102.70929718 102.70929718 105.1733017 105.1733017 113.33049774 113.33049774 117.31639862 117.31639862 124.4611969 131.88619995 131.88619995 138.56190491 138.56190491 144.2644043 144.2644043 148.73100281 150.24049377 150.24049377 154.78590393 154.78590393 161.46940613 161.46940613 159.36369324 159.36369324 158.41349792 159.53669739
113.51399994 120.52899933 120.52899933 121.97850037 121.97850037 133.16690063 139.27310181 139.27310181 139.59129333 139.59129333 137.04980469 137.04980469 135.27850342 135.27850342 130.37409973 125.8125 125.8125 122.80059814 122.80059814 116.98529816 116.98529816 110.55639648 101.73729706 101.73729706 106.4036026 106.4036026 100.91570282 100.91570282 93.10485077 93.10485077 100.875 102.70929718 102.70929718 105.1733017 105.1733017 113.33049774 113.33049774 117.31639862 117.31639862 124.4611969 131.88619995 131.88619995 138.56190491 138.56190491 144.2644043 144.2644043 148.73100281 150.24049377 150.24049377 154.78590393 154.78590393 161.46940613 161.46940613 159.36369324 159.36369324 158.41349792 159.53669739
103.11840057 115.05970001 115.05970001 120.94429779 120.94429779 126.25090027 137.02999878 137.02999878 137.93280029 137.93280029 135.79640198 135.79640198 133.51260376 133.51260376 128.62219238 123.48549652 123.48549652 119.23549652 119.23549652 113.31610107 113.31610107 109.44680023 103.3844986 103.3844986 104.09329987 104.09329987 101.94819641 101.94819641 99.18096161 99.18096161 102.32219696 106.28199768 106.28199768 107.95079803 107.95079803 112.12069702 112.12069702 115.17250061 115.17250061 118.62200165 126.80840302 126.80840302 126.2786026 126.2786026 131.45269775 131.45269775 136.54330444 140.85679626 140.85679626 147.49209595 147.49209595 156.32139587 156.32139587 158.05569458 158.05569458 160.05079651 159.7440033
106.26390076 113.44249725 113.44249725 119.49479675 119.49479675 117.46469879 131.17089844 131.17089844 137.43829346 137.43829346 135.13890076 135.13890076 131.88209534 131.88209534 128.19650269 123.91929626 123.91929626 118.36299896 118.36299896 111.66139984 111.66139984 106.79850006 103.94920349 103.94920349 101.88960266 101.88960266 102.48560333 102.48560333 102.02639771 102.02639771 103.67690277 106.83609772 106.83609772 109.30789948 109.30789948 110.58329773 110.58329773 112.93569946 112.93569946 114.91400146 120.09680176 120.09680176 119.3934021 119.3934021 123.55999756 123.55999756 127.44830322 130.66679382 130.66679382 140.29190063 140.29190063 148.62489319 148.62489319 156.89039612 156.89039612 159.67370605 158.52049255
106.26390076 113.44249725 113.44249725 119.49479675 119.49479675 117.46469879 131.17089844 131.17089844 137.43829346 137.43829346 135.13890076 135.13890076 131.88209534 131.88209534 128.19650269 123.91929626 123.91929626 118.36299896 118.36299896 111.66139984 111.66139984 106.79850006 103.94920349 103.94920349 101.88960266 101.88960266 102.48560333 102.48560333 102.02639771 102.02639771 103.67690277 106.83609772 106.83609772 109.30789948 109.30789948 110.58329773 110.58329773 112.93569946 112.93569946 114.91400146 120.09680176 120.09680176 119.3934021 119.3934021 123.55999756 123.55999756 127.44830322 130.66679382 130.66679382 140.29190063 140.29190063 148.62489319 148.62489319 156.89039612 156.89039612 159.67370605 158.52049255
108.84339905 108.6108017 108.6108017 119.65280151 119.65280151 114.31099701 124.45899963 124.45899963 130.22079468 130.22079468 132.54910278 132.54910278 131.24839783 131.24839783 128.3526001 124.07319641 124.07319641 118.71499634 118.71499634 111.80729675 111.80729675 107.90679932 104.50830078 104.50830078 102.68900299 102.68900299 102.73390198 102.73390198 103.27339935 103.27339935 105.57019806 107.20950317 107.20950317 108.47149658 108.47149658 109.55770111 109.55770111 112.8451004 112.8451004 115.45819855 117.66950226 117.66950226 118.70870209 118.70870209 123.34950256 123.34950256 124.36569977 127.66690063 127.66690063 137.74499512 137.74499512 143.79640198 143.79640198 152.36169434 152.36169434 157.42810059 157.62640381
108.84339905 108.6108017 108.6108017 119.65280151 119.65280151 114.31099701 124.45899963 124.45899963 130.22079468 130.22079468 132.54910278 132.54910278 131.24839783 131.24839783 128.3526001 124.07319641 124.07319641 118.71499634 118.71499634 111.80729675 111.80729675 107.90679932 104.50830078 104.50830078 102.68900299 102.68900299 102.73390198 102.73390198 103.27339935 103.27339935 105.57019806 107.20950317 107.20950317 108.47149658 108.47149658 109.55770111 109.55770111 112.8451004 112.8451004 115.45819855 117.66950226 117.66950226 118.70870209 118.70870209 123.34950256 123.34950256 124.36569977 127.66690063 127.66690063 137.74499512 137.74499512 143.79640198 143.79640198 152.36169434 152.36169434 157.42810059 157.62640381
109.80560303 111.06269836 111.06269836 122.97370148 122.97370148 116.77089691 121.46769714 121.46769714 128.10969543 128.10969543 131.58430481 131.58430481 131.83070374 131.83070374 129.53930664 126.16649628 126.16649628 120.78170013 120.78170013 113.14630127 113.14630127 109.91159821 107.5931015 107.5931015 106.56510162 106.56510162 106.38539886 106.38539886 106.686203 106.686203 108.01210022 108.65730286 108.65730286 109.85189819 109.85189819 111.46910095 111.46910095 114.45220184 114.45220184 115.7410965 117.2016983 117.2016983 119.54350281 119.54350281 123.21269989 123.21269989 123.45480347 128.69450378 128.69450378 135.79510498 135.79510498 140.72740173 140.72740173 145.66499329 145.66499329 153.34179688 154.97709656
