example_data/reeves_groundingzone/dirslope_horn.asc
NCOLS 161
NROWS 143
XLLCORNER 587861.400000
YLLCORNER 1677789.600000
CELLSIZE 200.000000
NODATA_VALUE -99999.000000
[rows 25 to 49 of 143, columns 57 to 113 of 161]
-2.005667 -1.997416 -2.106409 -2.218200 -2.073619 -2.605330 -2.899055 -2.077765 -2.406446 -2.725582 -2.164161 -1.983426 -1.847997 -2.234128 -2.613652 -2.446073 -1.841882 -1.253282 -1.307870 -1.750786 -1.622794 -1.693663 -2.418272 -2.261672 -1.734037 -1.395194 -0.967492 -0.665936 -1.028385 -1.888573 -3.709339 -5.579257 -6.350640 -8.505306 -7.571010 -7.621164 -14.923767 -17.104433 -11.951863 -5.598353 -1.176377 -0.000000 -0.000000 -0.000000 -0.000000 -0.000000 -0.000000 -0.000000 -0.000000 -0.000000 -0.000000 -0.000000 -0.000000 -0.000000 -0.000000 -0.000000 -0.000000
-1.878876 -1.848701 -2.172552 -2.099030 -1.873411 -2.670863 -3.058716 -2.643546 -2.604091 -2.495613 -2.056687 -1.921871 -1.605045 -2.139011 -2.831287 -2.468998 -2.075188 -1.254877 -0.950029 -1.456551 -1.622201 -1.768609 -2.317725 -2.127312 -1.762889 -1.319978 -0.885811 -0.929318 -1.325076 -2.410570 -3.458926 -4.187242 -4.811547 -6.916409 -7.588150 -8.669586 -15.317262 -16.960742 -10.464057 -5.252103 -2.132739 -0.000000 -0.000000 -0.000000 -0.000000 -0.000000 -0.000000 -0.000000 -0.000000 -0.000000 -0.000000 -0.000000 -0.000000 -0.000000 -0.000000 -0.000000 -0.000000
-1.805294 -1.871107 -2.177494 -1.759253 -1.730292 -2.595447 -2.879145 -2.853898 -2.389655 -2.006087 -1.880206 -1.803263 -1.786630 -2.503884 -2.873168 -2.307525 -1.751412 -1.124281 -1.105268 -1.608907 -1.944559 -1.810518 -1.806881 -1.703650 -1.599605 -1.286694 -0.867144 -1.102285 -1.657859 -2.605001 -3.145398 -4.095406 -5.493542 -7.820281 -9.607834 -8.987630 -12.932123 -14.895922 -10.527250 -5.358602 -1.170295 -0.000000 -0.000000 -0.000000 -0.000000 -0.000000 -0.000000 -0.000000 -0.000000 -0.000000 -0.000000 -0.000000 -0.000000 -0.000000 -0.000000 -0.000000 -0.000000
-1.571779 -2.035364 -2.349064 -2.184975 -2.310845 -2.700201 -2.667270 -2.435103 -1.615955 -1.314445 -1.618816 -1.793610 -2.023598 -2.490440 -2.681601 -2.243923 -1.786293 -1.265668 -1.372197 -1.786966 -1.897997 -1.608266 -1.568763 -1.642616 -1.712764 -1.474016 -0.860131 -1.021931 -1.606415 -2.480757 -3.363207 -4.523409 -6.093134 -8.243291 -10.442848 -10.627384 -14.654194 -17.762861 -13.177189 -4.946132 -0.000000 -0.000000 -0.000000 -0.000000 -0.000000 -0.000000 -0.000000 -0.000000 -0.000000 -0.000000 -0.000000 -0.000000 -0.000000 -0.000000 -0.000000 -0.000000 -0.000000
-1.515843 -2.098038 -2.377028 -2.521583 -2.474186 -2.603802 -2.893125 -2.512611 -1.773791 -1.025742 -1.177305 -1.855706 -1.811615 -1.960953 -2.566698 -2.469588 -2.036388 -1.231052 -1.311105 -1.767805 -1.690904 -1.616942 -1.614314 -1.483873 -1.579861 -1.387760 -0.814690 -1.193758 -2.066172 -3.244376 -4.529446 -4.542565 -5.369250 -7.359863 -9.630507 -12.595199 -16.575206 -17.435366 -10.538933 -2.445623 -0.000000 -0.000000 -0.000000 -0.000000 -0.000000 -0.000000 -0.000000 -0.000000 -0.000000 -0.000000 -0.000000 -0.000000 -0.000000 -0.000000 -0.000000 -0.000000 -0.000000
-1.824510 -2.203514 -2.553864 -2.726798 -2.174194 -2.040668 -2.592965 -2.287957 -1.703536 -0.848179 -1.071421 -2.001393 -1.983342 -2.038811 -2.435655 -2.343052 -1.784023 -1.023018 -1.314362 -1.817874 -1.675201 -1.823965 -1.626488 -1.239472 -1.408959 -1.297660 -1.025480 -1.530636 -2.490964 -3.884704 -5.163466 -4.748849 -6.231160 -9.652631 -12.964508 -14.517747 -15.150082 -14.619621 -6.890251 -0.398975 -0.000000 -0.000000 -0.000000 -0.000000 -0.000000 -0.000000 -0.000000 -0.000000 -0.000000 -0.000000 -0.000000 -0.000000 -0.000000 -0.000000 -0.000000 -0.000000 -0.000000
-1.886675 -2.055606 -2.700391 -3.003575 -2.811883 -2.597476 -2.579652 -2.260310 -1.268884 -0.515476 -0.932269 -1.546918 -1.819367 -1.774389 -2.005619 -2.034041 -1.564898 -1.253388 -1.560496 -1.786712 -1.715281 -1.833530 -1.393247 -1.103035 -1.479599 -1.408484 -1.441119 -1.556292 -2.252448 -3.824467 -5.004577 -5.539014 -7.618949 -10.981585 -14.821374 -14.571491 -15.257421 -15.017916 -6.090800 -0.338452 -0.000000 -0.000000 -0.000000 -0.000000 -0.000000 -0.000000 -0.000000 -0.000000 -0.000000 -0.000000 -0.000000 -0.000000 -0.000000 -0.000000 -0.000000 -0.000000 -0.000000
-1.794463 -2.032179 -2.940599 -2.987659 -3.095925 -2.583000 -2.501157 -2.491477 -1.593086 -1.072338 -1.363339 -1.607607 -1.708255 -1.292043 -1.471710 -1.789955 -1.603748 -1.574594 -1.492539 -1.505282 -1.744854 -1.740977 -1.391444 -1.266213 -1.471499 -1.360775 -1.556292 -1.607591 -2.538944 -4.657465 -6.314985 -6.433686 -7.254479 -9.773621 -13.252691 -14.605190 -15.379705 -11.247486 -2.933968 -0.141242 -0.000000 -0.000000 -0.000000 -0.000000 -0.000000 -0.000000 -0.000000 -0.000000 -0.000000 -0.000000 -0.000000 -0.000000 -0.000000 -0.000000 -0.000000 -0.000000 -0.000000
-1.978048 -2.526440 -3.221078 -3.284154 -3.201833 -2.204250 -2.095967 -2.366907 -1.484334 -1.331958 -1.607551 -1.899295 -1.935799 -1.620203 -1.421645 -1.403366 -1.509012 -1.577710 -1.219828 -1.287361 -1.788333 -1.710149 -1.542943 -1.281151 -1.217844 -1.186357 -1.337215 -1.967141 -3.297375 -5.373241 -7.021628 -6.615289 -8.101631 -12.003595 -15.739276 -17.630896 -13.712752 -6.136310 -1.047463 -0.000000 -0.000000 -0.000000 -0.000000 -0.000000 -0.000000 -0.000000 -0.000000 -0.000000 -0.000000 -0.000000 -0.000000 -0.000000 -0.000000 -0.000000 -0.000000 -0.000000 -0.000000
-2.693451 -2.502501 -2.594447 -2.939161 -2.815595 -2.398122 -2.341367 -2.127486 -1.557285 -1.424946 -1.392851 -1.717096 -1.929850 -1.805369 -1.313936 -0.934866 -1.289886 -1.539320 -1.468495 -1.502249 -1.752322 -1.641720 -1.585741 -1.161939 -1.090966 -1.154252 -1.392622 -2.118932 -3.444251 -5.204138 -6.209016 -7.104683 -9.417026 -12.093536 -15.682422 -16.459053 -10.660237 -5.126871 -1.867323 -0.000000 -0.000000 -0.000000 -0.000000 -0.000000 -0.000000 -0.000000 -0.000000 -0.000000 -0.000000 -0.000000 -0.000000 -0.000000 -0.000000 -0.000000 -0.000000 -0.000000 -0.000000
-2.816393 -2.363117 -2.559550 -3.128750 -2.967611 -2.487175 -2.217997 -1.823398 -1.992331 -2.176419 -1.886877 -2.048397 -2.085492 -1.735707 -0.883227 -0.550174 -1.055169 -1.457124 -1.704947 -1.486825 -1.482119 -1.571211 -1.575081 -1.363407 -1.268730 -1.112206 -1.668905 -2.314539 -3.779783 -5.817977 -6.850192 -8.865128 -8.876801 -7.978325 -12.209184 -12.980257 -8.843875 -4.609644 -1.201838 -0.000000 -0.000000 -0.000000 -0.000000 -0.000000 -0.000000 -0.000000 -0.000000 -0.000000 -0.000000 -0.000000 -0.000000 -0.000000 -0.000000 -0.000000 -0.000000 -0.000000 -0.000000
-2.301642 -2.307238 -2.725053 -3.064112 -2.814157 -2.143066 -1.667413 -1.733388 -1.911993 -2.233986 -1.886877 -2.202091 -2.454601 -1.937594 -1.163288 -0.804210 -1.103291 -1.495030 -1.776367 -1.327222 -1.184495 -1.514945 -1.586161 -1.368444 -1.263957 -1.263957 -1.917927 -2.927480 -4.317350 -5.910504 -6.913431 -8.734319 -7.687064 -8.695497 -15.190839 -15.722415 -11.310711 -4.990871 -0.381889 -0.000000 -0.000000 -0.000000 -0.000000 -0.000000 -0.000000 -0.000000 -0.000000 0.047300 0.029207 0.030211 0.030211 -0.017996 0.047337 0.029577 0.029577 0.080243 0.067326
-2.919990 -2.599855 -2.363726 -2.439117 -2.182631 -1.975773 -1.798860 -2.030207 -2.200185 -2.296668 -1.607884 -1.801069 -2.148073 -1.664964 -1.297913 -0.914166 -1.124295 -1.599118 -1.841700 -1.606728 -1.339705 -1.462944 -1.461300 -1.006307 -1.141013 -1.675888 -2.524275 -3.691088 -4.183125 -4.791331 -6.005881 -7.159439 -7.563082 -11.201452 -16.001359 -14.668553 -10.332863 -4.197549 -0.244827 0.036945 0.036141 0.085127 0.020576 0.034617 0.081745 0.066748 0.067128 0.129065 0.065328 0.063245 0.063245 -0.000097 0.128059 0.064570 0.064570 0.129705 0.068740
-2.973557 -2.526979 -2.526979 -2.938755 -2.619622 -2.331559 -1.763873 -1.649871 -2.098024 -2.081326 -1.999007 -2.089314 -2.003797 -1.693349 -1.329272 -0.839221 -1.136639 -1.636302 -1.760215 -1.729369 -1.359775 -1.392403 -1.433692 -1.070246 -1.442180 -2.164409 -2.949342 -3.928121 -3.922506 -4.817897 -7.283649 -8.805071 -10.685120 -11.734753 -12.147785 -11.025718 -8.349890 -3.121980 0.148905 0.080816 0.079379 0.138995 0.018748 0.078616 0.137210 0.076734 0.073841 0.085120 0.036135 0.082285 0.067622 0.056890 0.168039 0.107255 0.107255 0.120075 0.071877
-2.290528 -2.295839 -2.509179 -2.792750 -2.557387 -2.243461 -1.656410 -1.770313 -2.262224 -2.245530 -2.327641 -1.970122 -1.547500 -1.745702 -1.427718 -1.163584 -1.598396 -1.898272 -1.902165 -1.783424 -1.166623 -1.104854 -1.194113 -1.034805 -1.443321 -2.151872 -3.111778 -4.036186 -4.470041 -5.675965 -7.799871 -9.451788 -11.515584 -11.327119 -12.756138 -14.279317 -10.118603 -3.365631 0.148905 0.040408 0.089343 0.089343 0.029028 0.128204 0.126155 0.076734 0.073841 0.072269 0.072269 0.179231 0.101433 0.056890 0.181603 0.107255 0.107255 0.155675 0.094810
-3.055431 -2.986731 -2.415261 -1.917115 -1.927319 -1.716450 -1.471714 -1.847553 -2.227071 -2.149211 -2.229691 -1.646545 -1.245051 -1.600193 -1.514788 -1.635176 -1.817484 -1.937898 -2.215894 -2.066745 -1.620713 -1.379320 -1.008948 -0.977425 -1.178960 -1.847046 -3.105233 -4.121901 -5.590887 -5.492415 -6.484192 -8.157987 -9.207801 -10.595414 -13.307241 -13.661530 -7.925650 -1.445017 0.081700 0.042778 0.150393 0.085903 0.085601 0.193136 0.124832 0.124832 0.167634 0.156223 0.156223 0.220547 0.109922 0.052379 0.185666 0.075056 0.075056 0.136645 0.018011
-2.994205 -2.800540 -2.135388 -1.906434 -2.387586 -2.089845 -1.733718 -1.670678 -1.590888 -1.629509 -1.804542 -1.510607 -1.376807 -1.584456 -1.731199 -2.075187 -1.797563 -1.777437 -2.311198 -2.059326 -1.678378 -1.421467 -1.153759 -1.200615 -1.474947 -2.118113 -3.255110 -4.458271 -5.754114 -4.631217 -6.390389 -9.003278 -10.520797 -13.869172 -12.478928 -9.858711 -5.222625 0.407691 0.095585 0.121002 0.243475 0.128855 0.128401 0.193136 0.083222 0.083222 0.188131 0.117167 0.067623 0.085730 0.036641 0.075495 0.124801 0.075056 0.124320 0.125254 0.067551
-2.072507 -1.840265 -1.632686 -1.697489 -2.060602 -1.693742 -1.383590 -1.502735 -1.741609 -2.098966 -2.162673 -1.943309 -1.454558 -1.192601 -1.476971 -1.967025 -1.950881 -2.143095 -2.371932 -2.077971 -1.466176 -1.138375 -1.292764 -1.352596 -1.627637 -1.980621 -2.856216 -4.468834 -5.267347 -5.124333 -6.934236 -8.275516 -11.231007 -14.099311 -10.284730 -10.046241 -6.322983 0.710740 0.111729 0.150106 0.287303 0.131106 0.087889 0.096572 0.094634 0.138976 0.192710 0.082309 0.023694 0.078986 0.078986 0.139347 0.079907 0.079097 0.138807 0.079083 0.082625
-2.652474 -2.383671 -2.176299 -1.591766 -1.216149 -1.053743 -1.057782 -1.607449 -2.064796 -2.257396 -2.140863 -1.921493 -1.449279 -1.440103 -2.063007 -2.444828 -2.180630 -2.018887 -2.096425 -2.003109 -1.545107 -1.248088 -1.369872 -1.474008 -1.829152 -1.698534 -2.381710 -4.086578 -4.954709 -6.228936 -6.451510 -5.422727 -9.323214 -10.812827 -8.598530 -9.876883 -5.671169 0.786131 0.089383 0.137391 0.221856 0.025301 0.037433 0.041774 0.100584 0.150876 0.092566 0.041154 0.082309 0.118479 0.118479 0.179300 0.119860 0.118645 0.128726 0.079083 0.082625
-2.496346 -2.283581 -2.074509 -1.498820 -1.380023 -1.736044 -2.093072 -2.603709 -2.177600 -1.570823 -1.393627 -1.245338 -1.132719 -1.482179 -2.197876 -2.506901 -2.060906 -2.002918 -2.361449 -2.054309 -1.772714 -1.314359 -1.261896 -1.572144 -1.999523 -2.185946 -3.037111 -4.196257 -4.688835 -6.313431 -5.517046 -5.138083 -10.336645 -12.667005 -9.977788 -9.954334 -6.283016 0.067653 0.179117 0.100674 0.117854 0.067385 0.236015 0.132084 0.139730 0.201964 0.092723 0.088469 0.144795 0.085200 0.085200 0.142559 0.084862 0.084576 0.084576 0.084578 0.136087
-1.665557 -1.564781 -1.458956 -1.207590 -1.369293 -1.913826 -2.302021 -2.650646 -2.274530 -2.045729 -2.087227 -1.743341 -1.271436 -1.126172 -1.557249 -1.889135 -1.815055 -2.180545 -2.314603 -1.899411 -1.673831 -1.216972 -1.190648 -1.724464 -2.091192 -2.596038 -3.045439 -3.497653 -4.289554 -5.800987 -5.917631 -6.138857 -10.475768 -12.650812 -9.923554 -10.857055 -8.570125 -0.942766 0.539317 0.170614 0.170326 0.217317 0.399814 0.195283 0.184790 0.296972 0.143253 0.089811 0.147782 0.142648 0.138290 0.139789 0.089457 0.088973 0.088973 0.091445 0.146376
-1.986424 -2.299918 -2.159998 -1.772424 -1.352813 -1.382164 -1.627837 -1.821431 -1.771201 -2.006373 -2.121737 -1.734649 -1.361826 -1.637661 -2.297666 -2.545694 -2.536442 -2.180545 -1.687128 -1.497390 -1.361318 -1.258771 -1.332341 -1.752790 -2.147438 -2.694241 -2.790990 -3.379081 -4.563081 -6.019911 -6.857547 -6.577503 -8.405691 -9.710279 -10.696081 -11.091902 -7.418546 -1.452259 0.681538 0.292929 0.217317 0.170326 0.299862 0.145306 0.180393 0.340969 0.136849 0.031840 0.147782 0.147006 0.142648 0.134186 0.134186 0.183767 0.177946 0.182890 0.187081
-2.114576 -2.339457 -2.317576 -1.918637 -1.529265 -2.107230 -2.726737 -2.818449 -2.237746 -1.557167 -1.311890 -0.999437 -0.928281 -1.533169 -2.235678 -2.531267 -2.518499 -1.958634 -1.590344 -1.701972 -1.543174 -1.509496 -1.313018 -1.377977 -1.898801 -2.474903 -2.984048 -3.768921 -4.919337 -6.184424 -6.610988 -6.138235 -7.442326 -9.673401 -13.244643 -10.820216 -5.452129 -2.037728 0.508194 0.115390 0.101823 0.101823 0.198334 0.045719 0.152705 0.253878 0.099735 0.135175 0.192009 0.045983 0.103484 0.098621 0.096084 0.148190 0.094266 0.095743 0.147630
-2.182179 -1.582434 -1.713834 -1.412923 -1.523699 -2.452744 -2.784665 -2.718689 -2.156217 -1.813779 -1.626826 -1.087105 -1.236210 -1.416090 -1.457623 -1.887408 -1.824444 -1.645171 -1.532752 -1.634511 -1.475703 -1.440654 -1.233753 -1.435183 -2.230134 -2.976158 -3.677122 -3.524586 -4.248848 -5.496338 -5.933925 -6.321380 -7.675603 -9.309218 -12.656740 -9.429572 -5.016187 -3.502971 -0.389558 0.027169 0.012067 0.163106 0.196226 0.094951 0.253878 0.203347 0.150378 0.286973 0.181619 0.082752 0.248343 0.197242 0.144126 0.144794 0.094266 0.095743 0.149715
-2.000733 -1.791745 -2.212816 -2.095031 -2.458399 -2.375279 -1.689567 -1.496729 -1.342705 -1.389877 -1.113711 -0.818246 -1.344436 -1.596023 -1.934751 -2.579510 -2.372347 -2.063399 -1.490750 -1.171926 -1.112395 -1.189420 -1.351388 -1.746608 -2.364457 -3.139911 -3.748952 -3.120030 -4.199467 -5.873552 -5.960797 -6.437094 -7.095606 -8.138468 -11.376844 -8.683596 -5.764831 -4.577658 -1.242497 -0.021304 0.037365 0.254590 0.170967 0.164049 0.406558 0.254992 0.209090 0.302331 0.149395 0.196595 0.401317 0.252795 0.101007 0.101040 0.101040 0.149079 0.151743
