example_data/reeves_groundingzone/dirslope_simple.asc
NCOLS 161
NROWS 143
XLLCORNER 587861.400000
YLLCORNER 1677789.600000
CELLSIZE 200.000000
NODATA_VALUE -99999.000000
[rows 25 to 49 of 143, columns 0 to 56 of 161]
-99999.000000 -99999.000000 -99999.000000 -99999.000000 -99999.000000 -99999.000000 -1.142654 -1.195363 -1.157735 -1.157735 -0.624946 -0.624946 -1.007309 -0.729493 -1.090688 -1.466693 -1.131811 -1.470408 -1.726069 -1.761285 -2.239737 -2.180705 -2.180272 -2.101418 -1.125804 -1.125804 -2.101391 -2.366511 -2.560403 -2.161961 -1.819864 -1.335748 -1.700069 -2.546570 -2.379077 -2.292311 -2.092248 -1.207620 -1.006395 -1.856455 -2.072192 -2.163587 -2.049948 -1.506716 -1.410469 -1.395452 -1.337477 -2.010062 -2.209927 -2.356234 -1.572904 -1.397772 -2.302011 -2.256890 -2.213621 -2.165550 -1.994768
-99999.000000 -99999.000000 -99999.000000 -99999.000000 -99999.000000 -99999.000000 -1.384201 -1.154121 -0.998348 -1.140934 -0.987924 -0.919996 -0.904442 -1.042605 -1.406619 -0.880541 -1.067538 -2.048622 -2.048622 -2.232426 -2.365414 -1.884401 -1.911514 -1.775068 -1.673504 -2.007795 -2.219442 -2.490460 -1.669518 -1.542158 -2.362460 -2.109829 -2.214988 -2.223228 -1.629885 -1.736074 -1.537161 -1.285006 -1.815769 -2.092585 -2.088044 -2.201853 -1.471348 -1.270365 -2.083783 -1.882965 -1.783108 -2.105193 -1.671401 -1.851956 -1.851956 -2.369181 -2.432304 -2.123702 -2.079606 -1.113829 -0.838335
-99999.000000 -99999.000000 -99999.000000 -99999.000000 -99999.000000 -99999.000000 -0.676872 -0.491038 -1.050885 -1.193466 -1.061100 -0.919996 -0.829160 -0.967329 -1.213275 -1.456161 -1.916032 -2.048622 -2.367702 -2.417996 -1.300910 -1.284344 -2.213132 -2.033647 -1.868456 -1.812873 -1.899644 -2.170778 -2.165794 -2.560507 -2.378798 -2.260905 -2.382339 -1.388883 -1.309668 -2.182910 -1.903385 -1.699041 -1.981314 -1.497376 -1.567971 -1.795711 -1.553587 -1.946259 -2.034440 -1.770199 -2.017558 -1.389351 -1.389351 -2.359123 -2.359123 -2.432304 -1.927165 -1.770864 -1.634721 -1.680952 -1.696977
-99999.000000 -99999.000000 -99999.000000 -99999.000000 -99999.000000 -1.250466 -0.951576 -1.069569 -1.235206 -1.094754 -0.932936 -0.513855 -0.528250 -1.080593 -1.402283 -1.723028 -1.905236 -1.890975 -2.073420 -1.945402 -1.945402 -2.210621 -2.052966 -1.842806 -1.000150 -1.140995 -2.206042 -2.520810 -2.688458 -2.746156 -2.113044 -1.757832 -1.828924 -1.614142 -2.016490 -1.943832 -1.746267 -1.829275 -1.388230 -1.398982 -2.376933 -2.462368 -2.173869 -2.260932 -1.525906 -1.210220 -1.438443 -1.705955 -2.231978 -2.363063 -2.487751 -1.522446 -1.332214 -2.038640 -1.903153 -1.827039 -1.692329
-99999.000000 -99999.000000 -99999.000000 -99999.000000 -1.395679 -1.215530 -1.073444 -1.245122 -1.115752 -0.976312 -0.833572 -0.833572 -0.904593 -1.142613 -1.632211 -1.947515 -1.211691 -1.428421 -2.523872 -2.380855 -2.066350 -1.983794 -1.632014 -1.632014 -1.770549 -2.188140 -2.483404 -2.703785 -2.812550 -1.652131 -1.428111 -2.498655 -2.436819 -1.936163 -1.936163 -1.493941 -1.174955 -1.328303 -1.690379 -2.343244 -2.529663 -2.379851 -2.147477 -1.552868 -1.203952 -1.431009 -1.866939 -2.235223 -1.651733 -1.872219 -1.996935 -1.869125 -2.112127 -1.911421 -1.911421 -1.734195 -0.788729
-99999.000000 -99999.000000 -99999.000000 -99999.000000 -1.219187 -1.215530 -1.245122 -0.686963 -0.688206 -1.074000 -0.972887 -0.764322 -0.552327 -1.028427 -1.522334 -1.788219 -2.146139 -2.482461 -2.345605 -2.066350 -1.751721 -0.941803 -1.111762 -1.875592 -2.188140 -2.361686 -2.190349 -2.368964 -2.286719 -2.421077 -2.612170 -2.436819 -2.117051 -1.812041 -1.333656 -1.160360 -1.350989 -1.943877 -2.382589 -2.501448 -1.948415 -1.831917 -1.765721 -1.739117 -1.475952 -1.394590 -2.185256 -1.250324 -1.373489 -2.557628 -2.362931 -2.369387 -2.178242 -1.606135 -1.606135 -1.530140 -1.708481
-99999.000000 -99999.000000 -99999.000000 -1.180957 -1.186808 -1.219802 -1.088183 -1.088183 -1.077522 -1.077522 -0.838533 -0.386551 -0.389544 -0.841762 -1.495124 -2.222118 -2.576092 -2.432105 -2.147564 -1.947807 -1.252445 -1.399905 -2.188904 -2.254150 -2.348680 -1.232734 -1.619111 -2.666045 -2.718115 -2.853440 -2.685233 -2.004467 -1.676897 -1.647271 -1.715460 -1.392512 -1.567338 -2.578216 -2.578216 -1.611110 -1.768442 -2.578446 -2.378788 -1.895176 -0.961442 -1.195119 -1.518211 -1.639862 -2.433594 -2.426814 -2.350288 -2.308378 -1.170556 -1.141757 -1.920295 -1.727068 -1.914979
-99999.000000 -99999.000000 -1.317436 -0.657257 -0.796535 -1.320173 -1.180544 -1.211329 -1.181006 -1.075152 -0.830985 -0.590522 -0.766319 -1.256165 -1.810362 -2.536512 -2.673868 -1.287816 -1.355269 -2.188221 -1.008023 -1.419648 -2.132415 -2.336911 -2.372421 -2.296784 -2.616589 -2.666045 -2.853440 -2.718115 -1.545926 -1.585179 -2.232563 -1.930542 -1.851822 -1.546330 -1.401766 -1.888436 -1.788017 -2.046484 -2.778086 -2.378743 -1.831731 -0.884351 -0.792396 -1.471001 -1.668804 -1.987929 -2.433594 -1.814381 -1.814381 -1.746354 -1.496998 -1.920295 -1.790580 -1.860688 -2.191907
-99999.000000 -99999.000000 -1.323693 -1.206799 -1.255596 -1.220272 -1.358386 -1.221726 -0.543475 -0.769980 -1.005670 -0.553650 -0.698330 -1.072881 -1.382958 -2.096505 -2.196769 -1.838878 -2.080156 -1.708692 -1.568953 -1.177024 -1.543944 -2.894392 -2.866697 -2.727544 -2.426428 -2.194670 -2.408251 -2.408251 -2.316378 -2.528397 -1.998537 -1.554782 -1.668630 -0.976396 -1.383777 -2.275600 -2.451570 -2.966707 -1.998222 -1.526130 -1.202538 -0.884305 -1.202285 -1.446989 -1.980858 -2.358406 -1.569347 -1.382571 -2.427258 -2.154280 -1.911987 -1.920198 -1.387551 -1.613499 -1.869252
-99999.000000 -99999.000000 -1.353974 -1.457180 -1.356392 -1.059567 -1.051030 -1.008353 -0.905957 -0.951103 -0.553650 -0.415243 -1.085487 -0.901493 -1.003286 -2.297930 -2.498389 -2.329632 -1.929365 -1.584945 -1.817479 -2.415565 -3.280188 -3.065519 -2.685883 -2.439981 -1.178497 -1.507935 -2.916678 -2.916678 -2.869145 -2.739303 -1.567002 -1.154473 -1.405711 -1.564912 -2.503363 -2.451570 -2.718452 -1.906505 -1.450493 -1.823191 -1.273149 -0.997393 -1.127942 -1.197669 -1.775065 -1.848516 -1.848516 -2.351031 -2.306275 -1.911987 -1.911987 -1.163763 -1.163763 -1.982076 -2.282688
-99999.000000 -99999.000000 -1.358634 -1.306265 -0.771229 -0.691936 -1.222069 -1.222069 -1.164525 -0.902139 -0.482560 -0.400716 -0.913736 -1.511055 -2.206581 -2.446003 -2.128416 -1.408603 -1.274970 -2.041266 -2.406334 -2.982723 -3.395423 -2.893845 -2.899638 -2.307542 -1.681359 -2.503160 -3.029887 -2.790968 -2.654848 -1.502310 -1.182810 -1.794525 -1.475731 -1.878094 -2.572379 -2.026381 -2.094263 -2.091245 -1.931974 -1.248209 -0.932367 -1.104900 -0.785760 -1.497758 -2.355310 -2.425271 -2.425271 -2.427681 -1.698765 -1.438042 -1.516416 -1.461906 -1.913294 -2.169443 -2.688302
-99999.000000 -99999.000000 -1.132102 -1.152954 -1.286698 -1.356116 -1.279093 -1.147764 -0.959524 -0.508493 -0.370594 -0.452438 -0.854810 -1.674420 -1.887694 -2.008950 -1.922957 -1.953456 -2.394818 -2.493442 -2.858264 -3.378366 -1.995445 -1.995445 -3.299163 -2.711551 -2.092367 -2.368071 -2.206433 -2.232772 -2.236895 -1.901111 -1.785635 -1.537768 -1.730033 -2.252975 -1.628082 -1.493992 -2.375568 -2.240285 -1.907231 -1.073194 -0.565385 -0.761766 -1.449573 -2.454750 -2.429669 -2.622897 -2.502761 -1.457813 -1.184459 -2.027915 -1.908194 -1.791570 -1.988504 -1.752917 -2.173899
-99999.000000 -99999.000000 -99999.000000 -1.539505 -1.410081 -1.345443 -1.086742 -0.895395 -0.825759 -0.632014 -0.513532 -0.701010 -1.538934 -1.146434 -1.403805 -2.441187 -2.441187 -2.499857 -2.555845 -2.260199 -2.578802 -2.655404 -2.744898 -3.254694 -2.879708 -2.431146 -2.352675 -1.738446 -1.664807 -2.655664 -2.544411 -1.978578 -1.730240 -1.493816 -1.363443 -1.657954 -1.907837 -2.433026 -2.177781 -1.923385 -0.967650 -0.320211 -0.902495 -1.416555 -2.202318 -2.397483 -1.848105 -2.080680 -1.762641 -1.431640 -1.906649 -1.898914 -1.816285 -2.014343 -1.281624 -1.475286 -2.748675
-99999.000000 -99999.000000 -99999.000000 -99999.000000 -1.325895 -0.782768 -0.905159 -1.404110 -1.031101 -0.639125 -0.515570 -0.690358 -1.242369 -1.614905 -2.433020 -2.496576 -2.496576 -2.630927 -1.640125 -1.688162 -3.061308 -3.197474 -3.390881 -3.136192 -2.336692 -2.207008 -2.261225 -2.391217 -2.613807 -2.416281 -2.125937 -1.683001 -0.989820 -0.980705 -1.780182 -1.962918 -2.230122 -1.900414 -1.828546 -1.416281 -0.832206 -1.153021 -1.600564 -1.920554 -2.561292 -1.410849 -1.463647 -2.503635 -2.109464 -1.901627 -1.901627 -1.396051 -1.312565 -1.446738 -1.645971 -2.531142 -2.864068
-99999.000000 -99999.000000 -99999.000000 -99999.000000 -99999.000000 -99999.000000 -1.474388 -1.154656 -0.784072 -0.515592 -0.464366 -0.877476 -1.687894 -2.379554 -2.503056 -1.984191 -2.047978 -2.229417 -2.303048 -3.005830 -3.192909 -3.327422 -3.262958 -1.726900 -1.711967 -2.879045 -2.748678 -2.678326 -2.621016 -2.254766 -1.804745 -0.958286 -1.222999 -1.884799 -1.832492 -2.096531 -1.294562 -1.397222 -2.180374 -1.858285 -1.537407 -1.666538 -1.472926 -1.665343 -2.048207 -1.856123 -2.328861 -2.261197 -1.866899 -1.784014 -1.195743 -0.999366 -1.697135 -2.136092 -2.335166 -1.870336 -2.170096
-99999.000000 -99999.000000 -99999.000000 -99999.000000 -99999.000000 -99999.000000 -99999.000000 -0.911302 -0.566413 -0.442979 -1.136097 -1.669679 -2.129956 -2.449312 -1.500891 -1.481727 -2.498912 -2.560424 -2.879968 -3.198583 -2.592114 -2.714808 -2.551665 -2.296787 -2.877467 -2.746990 -2.687876 -2.687876 -1.603970 -1.539372 -1.847628 -1.400894 -1.841246 -1.356324 -1.436153 -1.679271 -1.771493 -2.180472 -1.993757 -1.790937 -1.792584 -1.402935 -0.959900 -1.984311 -2.499216 -2.050249 -2.062231 -1.530383 -1.211824 -1.305191 -1.305191 -1.699307 -2.015554 -2.341466 -1.430138 -1.787460 -2.945204
-99999.000000 -99999.000000 -99999.000000 -99999.000000 -99999.000000 -99999.000000 -99999.000000 -99999.000000 -0.813263 -0.857004 -1.440063 -1.313001 -1.831490 -1.955999 -1.892928 -2.498912 -2.498912 -2.689090 -3.137131 -1.843529 -1.904266 -3.389187 -3.134772 -2.880140 -2.877467 -2.222353 -2.040570 -2.102975 -2.044283 -2.240885 -1.658415 -1.521367 -1.071504 -0.903980 -1.568749 -1.762914 -1.899087 -2.048184 -1.799466 -1.685040 -1.796896 -1.603169 -1.792700 -2.432113 -2.116447 -1.794942 -1.324334 -1.063927 -1.593300 -1.786110 -1.786110 -1.864683 -1.602128 -1.744299 -1.941217 -3.174619 -3.190082
-99999.000000 -99999.000000 -99999.000000 -99999.000000 -99999.000000 -99999.000000 -99999.000000 -99999.000000 -99999.000000 -1.528972 -0.982563 -1.313710 -2.508664 -2.449519 -2.307761 -2.367438 -1.861071 -2.066582 -2.391931 -2.655686 -3.456924 -3.198348 -2.880198 -2.944454 -1.727551 -1.535698 -2.557810 -2.682512 -2.487172 -1.745938 -1.537855 -1.291906 -1.291906 -1.523826 -1.523826 -1.781130 -2.047030 -1.318956 -1.318956 -2.301363 -2.430070 -2.236458 -2.243646 -1.984177 -1.532485 -1.338589 -1.370125 -1.548954 -1.590086 -1.905118 -1.905118 -1.364324 -1.646915 -2.263477 -2.897368 -3.163810 -2.187537
-99999.000000 -99999.000000 -99999.000000 -99999.000000 -99999.000000 -99999.000000 -99999.000000 -99999.000000 -99999.000000 -99999.000000 -1.703424 -2.444679 -2.634892 -2.449519 -2.117559 -1.404263 -1.214215 -2.492971 -3.070283 -3.388976 -3.327908 -2.535134 -2.557003 -2.365908 -2.051663 -2.560630 -2.557810 -2.557810 -1.490412 -1.365741 -1.921038 -1.599958 -1.528900 -1.335669 -1.240186 -1.516670 -1.729761 -1.838615 -2.425817 -2.620982 -2.749700 -2.299535 -1.286469 -1.477427 -1.813446 -1.551766 -1.547934 -1.272186 -1.197366 -1.345618 -1.544306 -1.916095 -2.462862 -2.580502 -3.095683 -1.795689 -1.917444
-99999.000000 -99999.000000 -99999.000000 -99999.000000 -99999.000000 -99999.000000 -99999.000000 -99999.000000 -99999.000000 -99999.000000 -99999.000000 -99999.000000 -2.236096 -1.788729 -1.729903 -1.660521 -2.110146 -3.008417 -3.327544 -3.326261 -1.886060 -1.881176 -3.198821 -2.818448 -2.624240 -2.560631 -2.031964 -2.031964 -1.881082 -2.113845 -1.668853 -1.473061 -1.473061 -0.825141 -1.015997 -1.661728 -1.981614 -2.431151 -2.683257 -2.249190 -2.370552 -1.985492 -1.792864 -2.174535 -1.406283 -1.149577 -1.175682 -0.680791 -0.997512 -1.685165 -2.289782 -2.411232 -1.580473 -1.884005 -1.911477 -1.910307 -2.689448
-99999.000000 -99999.000000 -99999.000000 -99999.000000 -99999.000000 -99999.000000 -99999.000000 -99999.000000 -99999.000000 -99999.000000 -99999.000000 -99999.000000 -99999.000000 -2.484421 -2.607638 -1.616861 -1.861090 -2.540458 -2.692447 -2.788507 -2.788507 -3.188095 -2.931970 -2.744237 -2.616399 -1.440601 -1.594457 -2.560507 -2.368696 -1.984665 -1.264699 -1.128762 -1.059623 -1.139599 -1.533757 -1.853920 -2.366932 -2.687481 -1.608911 -1.867871 -3.395481 -2.629731 -2.233252 -1.784904 -0.829159 -1.018338 -0.833130 -0.898811 -1.498049 -1.660892 -2.065365 -1.031988 -1.340458 -2.586031 -2.572413 -2.767915 -2.563550
-99999.000000 -99999.000000 -99999.000000 -99999.000000 -99999.000000 -99999.000000 -99999.000000 -99999.000000 -99999.000000 -99999.000000 -99999.000000 -99999.000000 -99999.000000 -99999.000000 -2.038997 -1.842498 -1.522761 -1.780019 -3.041279 -3.295650 -3.189081 -3.188095 -2.498323 -2.292155 -2.092073 -2.150350 -2.494626 -2.303447 -1.985256 -1.089337 -0.901234 -1.279921 -1.267032 -1.407202 -1.533757 -1.580338 -1.900263 -2.163207 -2.417416 -3.391690 -3.014651 -2.441004 -2.424599 -1.011125 -0.453860 -1.062949 -0.577834 -0.632661 -0.449060 -0.669940 -0.893222 -0.932445 -2.316619 -2.814917 -2.787691 -2.661365 -1.611175
-99999.000000 -99999.000000 -99999.000000 -99999.000000 -99999.000000 -99999.000000 -99999.000000 -99999.000000 -99999.000000 -99999.000000 -99999.000000 -99999.000000 -99999.000000 -99999.000000 -99999.000000 -1.800706 -2.166587 -2.833687 -3.100758 -3.108552 -3.055644 -1.857806 -1.676093 -2.737942 -2.613137 -2.613137 -1.996439 -1.805387 -1.464270 -1.209428 -1.335964 -1.085314 -1.335953 -1.516754 -0.904059 -1.419182 -2.488326 -2.486418 -3.072532 -3.584641 -2.682500 -2.415318 -2.246316 -1.104870 -0.306110 -0.179101 -0.112936 -0.122067 -0.019289 -0.990044 -1.173145 -1.691322 -3.202529 -2.078206 -1.959803 -1.904696 -1.885066
-99999.000000 -99999.000000 -99999.000000 -99999.000000 -99999.000000 -99999.000000 -99999.000000 -99999.000000 -99999.000000 -99999.000000 -99999.000000 -99999.000000 -99999.000000 -99999.000000 -99999.000000 -2.273160 -2.590592 -2.700105 -2.459477 -2.579249 -2.579249 -2.477073 -2.817333 -2.684707 -2.613137 -1.562276 -1.209663 -1.920852 -1.597872 -1.470473 -1.266734 -0.864402 -0.933655 -1.044644 -1.545581 -2.279257 -1.890001 -2.532322 -3.756517 -2.338635 -2.289643 -3.672198 -2.830846 -1.044312 0.117019 0.221196 0.338445 0.271961 -0.432599 -0.934907 -1.099734 -2.548127 -2.564684 -2.333623 -3.861510 -3.533940 -3.333339
-99999.000000 -99999.000000 -99999.000000 -99999.000000 -99999.000000 -99999.000000 -99999.000000 -99999.000000 -99999.000000 -99999.000000 -99999.000000 -99999.000000 -99999.000000 -99999.000000 -99999.000000 -99999.000000 -2.812098 -1.592210 -1.732378 -2.998851 -2.579905 -2.631378 -2.232144 -2.232144 -2.191590 -1.805122 -1.921008 -1.537734 -1.272977 -1.340032 -0.570167 -0.571139 -1.142164 -1.349752 -1.738953 -1.684469 -0.988647 -2.304663 -3.324125 -3.108267 -3.799101 -3.140515 -1.853069 -0.274137 0.405619 0.787491 1.127524 0.847504 0.635371 0.202384 -0.132496 -1.328532 -3.035985 -4.200775 -3.610798 -3.512973 -3.040630
