example_data/reeves_groundingzone/dirslope_horn.asc
NCOLS 161
NROWS 143
XLLCORNER 587861.400000
YLLCORNER 1677789.600000
CELLSIZE 200.000000
NODATA_VALUE -99999.000000
[rows 50 to 74 of 143, columns 0 to 56 of 161]
-99999.000000 -99999.000000 -99999.000000 -99999.000000 -99999.000000 -99999.000000 -99999.000000 -99999.000000 -99999.000000 -99999.000000 -99999.000000 -99999.000000 -99999.000000 -99999.000000 -99999.000000 -99999.000000 -2.148396 -2.210704 -2.329869 -2.144374 -2.423725 -2.227188 -2.198263 -2.938022 -2.658026 -2.001924 -1.266464 -0.820554 -0.967380 -0.952518 -0.673665 -1.038773 -1.413457 -1.652388 -1.907399 -1.571977 -1.927135 -3.453193 -4.328404 -3.705336 -2.927470 -2.285654 -1.052808 -0.037018 0.638368 1.264729 -99999.000000 -99999.000000 -99999.000000 -99999.000000 0.924484 -2.555834 -4.613143 -2.204366 -1.685115 -2.023046 -1.619767
-99999.000000 -99999.000000 -99999.000000 -99999.000000 -99999.000000 -99999.000000 -99999.000000 -99999.000000 -99999.000000 -99999.000000 -99999.000000 -99999.000000 -99999.000000 -99999.000000 -99999.000000 -99999.000000 -2.491858 -2.356089 -1.911960 -1.423428 -2.027518 -2.254621 -2.463838 -3.010615 -2.352685 -1.568947 -0.842892 -0.759966 -1.266164 -1.363108 -1.273571 -1.317725 -1.334065 -1.532621 -1.593867 -1.558435 -2.401764 -3.719152 -4.272485 -3.516335 -2.919234 -2.332567 -0.889620 0.308105 0.920146 1.247307 -99999.000000 -99999.000000 -99999.000000 -99999.000000 1.332756 -2.715217 -2.255257 0.084050 -2.178355 -2.782316 -1.881227
-99999.000000 -99999.000000 -99999.000000 -99999.000000 -99999.000000 -99999.000000 -99999.000000 -99999.000000 -99999.000000 -99999.000000 -99999.000000 -99999.000000 -99999.000000 -99999.000000 -99999.000000 -99999.000000 -2.488843 -1.991000 -1.674819 -1.969650 -2.397804 -2.683470 -2.598476 -2.293555 -1.632317 -1.040317 -0.679601 -0.948466 -1.367852 -1.542399 -1.593409 -1.496992 -1.826174 -2.186011 -2.026593 -2.382240 -2.540620 -2.760016 -2.969380 -2.677839 -2.417928 -1.504355 -0.236560 0.954310 1.451251 -99999.000000 -99999.000000 -99999.000000 -99999.000000 -99999.000000 -99999.000000 -99999.000000 3.453155 1.827875 -2.154347 -1.710526 -1.525894
-99999.000000 -99999.000000 -99999.000000 -99999.000000 -99999.000000 -99999.000000 -99999.000000 -99999.000000 -99999.000000 -99999.000000 -99999.000000 -99999.000000 -99999.000000 -99999.000000 -99999.000000 -99999.000000 -99999.000000 -99999.000000 -1.586374 -2.036926 -2.242579 -2.355907 -2.370432 -2.370432 -2.162411 -1.617152 -1.347435 -1.176655 -1.051138 -1.255381 -1.365166 -1.492054 -2.096127 -2.421154 -2.339343 -2.984293 -2.849054 -3.057914 -3.542607 -3.098270 -1.825656 -0.204774 0.471868 1.168332 1.468872 -99999.000000 -99999.000000 -99999.000000 -99999.000000 -99999.000000 -99999.000000 -99999.000000 -99999.000000 -99999.000000 -2.559837 0.384941 -0.708418
-99999.000000 -99999.000000 -99999.000000 -99999.000000 -99999.000000 -99999.000000 -99999.000000 -99999.000000 -99999.000000 -99999.000000 -99999.000000 -99999.000000 -99999.000000 -99999.000000 -99999.000000 -99999.000000 -99999.000000 -99999.000000 -1.161018 -1.386273 -1.556872 -1.378449 -1.955132 -2.406231 -2.184388 -1.872092 -1.480491 -1.132057 -1.131530 -1.540253 -1.808272 -2.153535 -2.058186 -1.898784 -2.087297 -2.533186 -2.582676 -2.916440 -3.249667 -2.544180 -1.151678 0.028322 0.547734 1.399237 1.776991 -99999.000000 -99999.000000 -99999.000000 -99999.000000 -99999.000000 -99999.000000 -99999.000000 -99999.000000 -99999.000000 -4.820900 -3.832554 -4.933188
-99999.000000 -99999.000000 -99999.000000 -99999.000000 -99999.000000 -99999.000000 -99999.000000 -99999.000000 -99999.000000 -99999.000000 -99999.000000 -99999.000000 -99999.000000 -99999.000000 -99999.000000 -99999.000000 -99999.000000 -99999.000000 -1.018878 -1.489751 -1.660334 -1.750211 -2.726806 -2.229710 -1.681772 -1.636818 -0.768913 -0.820194 -1.096683 -1.447343 -1.927448 -2.375704 -2.222609 -2.612140 -3.324359 -3.389844 -2.732925 -2.245950 -2.068356 -1.319333 -0.400699 0.114367 0.600756 1.458172 1.914881 -99999.000000 -99999.000000 -99999.000000 -99999.000000 -99999.000000 -99999.000000 -99999.000000 -99999.000000 -99999.000000 -99999.000000 -99999.000000 -6.869600
-99999.000000 -99999.000000 -99999.000000 -99999.000000 -99999.000000 -99999.000000 -99999.000000 -99999.000000 -99999.000000 -99999.000000 -99999.000000 -99999.000000 -99999.000000 -99999.000000 -99999.000000 -99999.000000 -99999.000000 -99999.000000 -1.036177 -1.394238 -1.282625 -2.016247 -2.600602 -1.403209 -1.803543 -2.087660 -0.844332 -1.188592 -0.992437 -0.794534 -1.360944 -1.673331 -1.976346 -2.819699 -3.687198 -3.487401 -2.877053 -3.019668 -2.715476 -1.680341 -0.850059 -0.127748 0.533630 1.129661 1.447328 -99999.000000 -99999.000000 -99999.000000 -99999.000000 -99999.000000 -99999.000000 -99999.000000 -99999.000000 -99999.000000 -99999.000000 -99999.000000 -5.350012
-99999.000000 -99999.000000 -99999.000000 -99999.000000 -99999.000000 -99999.000000 -99999.000000 -99999.000000 -99999.000000 -99999.000000 -99999.000000 -99999.000000 -99999.000000 -99999.000000 -99999.000000 -99999.000000 -99999.000000 -99999.000000 -1.507289 -1.263864 -0.682953 -1.515765 -1.417914 -0.446434 -1.703015 -2.089047 -0.819455 -1.307321 -1.105341 -1.271296 -2.337972 -2.835208 -2.633032 -2.432170 -2.907825 -2.659581 -2.633929 -3.188005 -2.640721 -1.899046 -1.642921 -0.686376 0.449965 1.245848 2.080040 3.037007 -99999.000000 -99999.000000 -99999.000000 -99999.000000 -99999.000000 -99999.000000 -99999.000000 -99999.000000 -99999.000000 -99999.000000 -9.220282
-99999.000000 -99999.000000 -99999.000000 -99999.000000 -99999.000000 -99999.000000 -99999.000000 -99999.000000 -99999.000000 -99999.000000 -99999.000000 -99999.000000 -99999.000000 -99999.000000 -99999.000000 -99999.000000 -99999.000000 -99999.000000 -1.599424 -1.191195 -0.545973 -1.228929 -1.066279 -1.138203 -2.084538 -1.508058 -0.847490 -1.326702 -1.007675 -1.585722 -2.619519 -2.908852 -2.864717 -3.508051 -4.735228 -4.122529 -3.396901 -2.875332 -1.844624 -1.852683 -1.812814 -0.745113 -0.216791 0.478747 1.881121 2.544703 -99999.000000 -99999.000000 -99999.000000 -99999.000000 -99999.000000 -99999.000000 -99999.000000 -99999.000000 -99999.000000 -99999.000000 -8.442762
-99999.000000 -99999.000000 -99999.000000 -99999.000000 -99999.000000 -99999.000000 -99999.000000 -99999.000000 -99999.000000 -99999.000000 -99999.000000 -99999.000000 -99999.000000 -99999.000000 -99999.000000 -99999.000000 -99999.000000 -99999.000000 -99999.000000 -99999.000000 -0.591289 -1.107349 -0.897632 -1.923816 -2.260460 -1.679084 -2.292553 -2.213453 -1.182040 -1.341936 -1.741941 -1.321606 -1.892641 -3.340720 -4.630408 -3.777969 -3.177653 -2.818250 -2.423497 -3.275606 -2.668155 -1.445088 -1.851093 -1.108189 0.130647 -0.230318 0.770244 3.063789 -99999.000000 -99999.000000 -99999.000000 -99999.000000 -99999.000000 -99999.000000 -99999.000000 -99999.000000 -4.655852
-99999.000000 -99999.000000 -99999.000000 -99999.000000 -99999.000000 -99999.000000 -99999.000000 -99999.000000 -99999.000000 -99999.000000 -99999.000000 -99999.000000 -99999.000000 -99999.000000 -99999.000000 -99999.000000 -99999.000000 -99999.000000 -99999.000000 -99999.000000 -0.876131 -0.774425 -0.193976 -1.395836 -1.672413 -1.770157 -3.034421 -2.733845 -1.586090 -2.008487 -2.430893 -2.047526 -2.917722 -2.512450 -2.075887 -1.636084 -1.728876 -2.111027 -2.879419 -4.160476 -3.571787 -3.066407 -3.696044 -2.083383 -0.872931 -2.011873 -0.427409 1.024007 -99999.000000 -99999.000000 -99999.000000 -99999.000000 -99999.000000 -99999.000000 -99999.000000 -99999.000000 -4.726265
-99999.000000 -99999.000000 -99999.000000 -99999.000000 -99999.000000 -99999.000000 -99999.000000 -99999.000000 -99999.000000 -99999.000000 -99999.000000 -99999.000000 -99999.000000 -99999.000000 -99999.000000 -99999.000000 -99999.000000 -99999.000000 -99999.000000 -99999.000000 -99999.000000 -99999.000000 -0.241517 -1.796368 -2.934215 -2.484448 -2.908673 -2.997095 -1.969305 -2.296068 -2.632647 -2.598087 -3.507063 -2.755812 -2.834735 -2.900993 -2.979866 -3.851425 -4.075925 -4.131499 -3.511079 -3.892302 -5.047940 -3.275002 -2.645712 -4.832732 -2.845049 -1.748025 -4.376344 -1.941154 -8.138727 -9.415382 -10.753879 -13.640423 -10.500010 -4.800631 -3.102055
-99999.000000 -99999.000000 -99999.000000 -99999.000000 -99999.000000 -99999.000000 -99999.000000 -99999.000000 -99999.000000 -99999.000000 -99999.000000 -99999.000000 -99999.000000 -99999.000000 -99999.000000 -99999.000000 -99999.000000 -99999.000000 -99999.000000 -99999.000000 -99999.000000 -99999.000000 -99999.000000 -1.864973 -3.520832 -3.536192 -4.205642 -4.349419 -2.967145 -2.163304 -1.792521 -2.036771 -2.579147 -2.289558 -3.101379 -3.091298 -3.626211 -4.388949 -4.644235 -5.437993 -5.366628 -5.328975 -4.812003 -2.997743 -4.504167 -5.926621 -3.328985 -4.158741 -5.467089 -2.729219 -10.577484 -6.603115 -8.051756 -15.010015 -10.549511 -5.821807 -2.353672
-99999.000000 -99999.000000 -99999.000000 -99999.000000 -99999.000000 -99999.000000 -99999.000000 -99999.000000 -99999.000000 -99999.000000 -99999.000000 -99999.000000 -99999.000000 -99999.000000 -99999.000000 -99999.000000 -99999.000000 -99999.000000 -99999.000000 -99999.000000 -99999.000000 -99999.000000 -99999.000000 -2.005196 -3.227014 -4.208222 -4.708298 -4.401510 -3.136673 -2.328616 -2.860413 -3.855960 -4.561503 -5.006303 -4.205599 -2.903207 -3.335160 -3.210071 -3.667522 -4.617013 -4.758913 -5.027577 -3.900789 -3.369581 -6.199724 -6.123412 -4.914185 -7.425374 -6.578460 -4.759562 -11.364819 -6.571816 -6.858172 -8.882118 -5.917348 -4.476597 -1.761042
-99999.000000 -99999.000000 -99999.000000 -99999.000000 -99999.000000 -99999.000000 -99999.000000 -99999.000000 -99999.000000 -99999.000000 -99999.000000 -99999.000000 -99999.000000 -99999.000000 -99999.000000 -99999.000000 -99999.000000 -99999.000000 -99999.000000 -99999.000000 -99999.000000 -99999.000000 -99999.000000 -99999.000000 -99999.000000 -5.853285 -4.216887 -3.568345 -2.741110 -2.682403 -4.498623 -5.504089 -6.094219 -7.109150 -6.298715 -6.397236 -7.184260 -6.121151 -5.778888 -4.348592 -2.602071 -2.647497 -2.675770 -3.900789 -5.996262 -5.648796 -6.420354 -8.356562 -6.535680 -5.068056 -10.409327 -6.046888 -4.889835 -5.097403 -3.335850 -1.614549 -0.380078
-99999.000000 -99999.000000 -99999.000000 -99999.000000 -99999.000000 -99999.000000 -99999.000000 -99999.000000 -99999.000000 -99999.000000 -99999.000000 -99999.000000 -99999.000000 -99999.000000 -99999.000000 -99999.000000 -99999.000000 -99999.000000 -99999.000000 -99999.000000 -99999.000000 -99999.000000 -99999.000000 -99999.000000 -99999.000000 -5.524928 -5.492080 -5.737572 -4.891833 -5.855802 -7.454695 -6.349446 -6.354879 -6.574974 -5.744248 -7.840589 -8.592577 -6.926126 -6.547974 -4.993013 -3.612849 -3.348200 -2.787524 -3.155784 -4.009714 -3.650806 -4.357405 -6.303494 -5.693776 -5.997654 -8.297533 -4.876061 -3.764207 -1.982398 -1.823319 -1.327789 -0.068711
-99999.000000 -99999.000000 -99999.000000 -99999.000000 -99999.000000 -99999.000000 -99999.000000 -99999.000000 -99999.000000 -99999.000000 -99999.000000 -99999.000000 -99999.000000 -99999.000000 -99999.000000 -99999.000000 -99999.000000 -99999.000000 -99999.000000 -99999.000000 -99999.000000 -99999.000000 -99999.000000 -99999.000000 -99999.000000 -99999.000000 -99999.000000 -5.591905 -5.575411 -7.952113 -8.707307 -8.436664 -10.871124 -10.621063 -9.515466 -9.949246 -7.425354 -5.715054 -5.684765 -4.356500 -3.976166 -4.237147 -3.244486 -3.118171 -3.574214 -3.122143 -3.700577 -4.564516 -3.337158 -3.325816 -3.872074 -2.419388 -2.463471 -0.819328 -0.559207 -0.644021 0.181950
-99999.000000 -99999.000000 -99999.000000 -99999.000000 -99999.000000 -99999.000000 -99999.000000 -99999.000000 -99999.000000 -99999.000000 -99999.000000 -99999.000000 -99999.000000 -99999.000000 -99999.000000 -99999.000000 -99999.000000 -99999.000000 -99999.000000 -99999.000000 -99999.000000 -99999.000000 -99999.000000 -99999.000000 -99999.000000 -99999.000000 -99999.000000 -4.066539 -5.102666 -8.153601 -7.785182 -9.123076 -12.324819 -11.461664 -11.264671 -11.657107 -9.366244 -8.576725 -7.929888 -5.625661 -4.171576 -3.281743 -2.005406 -2.343434 -2.713097 -2.466771 -2.978395 -2.902941 -2.420284 -3.006711 -3.003988 -1.978971 -1.952043 -0.754910 -0.068072 0.198789 0.285045
-99999.000000 -99999.000000 -99999.000000 -99999.000000 -99999.000000 -99999.000000 -99999.000000 -99999.000000 -99999.000000 -99999.000000 -99999.000000 -99999.000000 -99999.000000 -99999.000000 -99999.000000 -99999.000000 -99999.000000 -99999.000000 -99999.000000 -99999.000000 -99999.000000 -99999.000000 -99999.000000 -99999.000000 -99999.000000 -99999.000000 -99999.000000 -99999.000000 -99999.000000 -12.610344 -11.716414 -10.766349 -9.832217 -7.301466 -7.360156 -8.739832 -8.152241 -8.253416 -6.903065 -4.193629 -3.632956 -2.997976 -1.783929 -1.838991 -1.624598 -1.506324 -1.596888 -1.279691 -1.543065 -2.041017 -1.695595 -0.944146 -0.504103 0.074262 0.375858 0.601200 0.363706
-99999.000000 -99999.000000 -99999.000000 -99999.000000 -99999.000000 -99999.000000 -99999.000000 -99999.000000 -99999.000000 -99999.000000 -99999.000000 -99999.000000 -99999.000000 -99999.000000 -99999.000000 -99999.000000 -99999.000000 -99999.000000 -99999.000000 -99999.000000 -99999.000000 -99999.000000 -99999.000000 -99999.000000 -99999.000000 -99999.000000 -99999.000000 -99999.000000 -99999.000000 -99999.000000 -99999.000000 -8.682362 -7.894903 -7.252927 -8.210540 -8.483170 -5.980181 -5.382518 -4.384692 -2.915427 -3.273974 -2.755619 -1.860951 -1.485526 -0.871738 -0.852938 -0.874994 -0.780549 -0.844545 -0.782566 -0.443971 -0.053566 0.368178 0.453202 0.605073 0.524655 0.070129
-99999.000000 -99999.000000 -99999.000000 -99999.000000 -99999.000000 -99999.000000 -99999.000000 -99999.000000 -99999.000000 -99999.000000 -99999.000000 -99999.000000 -99999.000000 -99999.000000 -99999.000000 -99999.000000 -99999.000000 -99999.000000 -99999.000000 -99999.000000 -99999.000000 -99999.000000 -99999.000000 -99999.000000 -99999.000000 -99999.000000 -99999.000000 -99999.000000 -99999.000000 -99999.000000 -99999.000000 -4.030080 -4.575471 -5.616277 -6.801421 -6.327721 -4.972563 -5.031406 -3.986296 -3.043155 -3.154075 -2.246994 -1.395582 -1.040555 -0.376274 -0.194097 -0.257412 -0.463456 -0.397654 -0.435701 -0.150773 0.393254 0.566578 0.481878 0.342187 0.001217 -0.268007
-99999.000000 -99999.000000 -99999.000000 -99999.000000 -99999.000000 -99999.000000 -99999.000000 -99999.000000 -99999.000000 -99999.000000 -99999.000000 -99999.000000 -99999.000000 -99999.000000 -99999.000000 -99999.000000 -99999.000000 -99999.000000 -99999.000000 -99999.000000 -99999.000000 -99999.000000 -99999.000000 -99999.000000 -99999.000000 -99999.000000 -99999.000000 -99999.000000 -99999.000000 -99999.000000 -99999.000000 -99999.000000 -3.482226 -2.776572 -2.967815 -2.652439 -3.144738 -3.578193 -2.493351 -1.987929 -2.083975 -0.834432 0.194100 0.296215 0.578648 0.402240 0.148116 -0.017332 0.142036 -0.122661 0.142518 0.502286 0.385058 0.189715 -0.150053 -0.475086 -0.759965
-99999.000000 -99999.000000 -99999.000000 -99999.000000 -99999.000000 -99999.000000 -99999.000000 -99999.000000 -99999.000000 -99999.000000 -99999.000000 -99999.000000 -99999.000000 -99999.000000 -99999.000000 -99999.000000 -99999.000000 -99999.000000 -99999.000000 -99999.000000 -99999.000000 -99999.000000 -99999.000000 -99999.000000 -99999.000000 -99999.000000 -99999.000000 -99999.000000 -99999.000000 -99999.000000 -99999.000000 -99999.000000 -2.868752 -4.050378 -4.591189 -3.592341 -2.805159 -1.725759 -1.074536 -1.386729 -1.202102 0.323528 0.983570 0.743567 0.854413 0.415004 0.043881 -0.337412 -0.386288 -0.573149 -0.212020 0.167435 -0.000000 -0.279872 -0.528702 -0.665642 -0.916543
-99999.000000 -99999.000000 -99999.000000 -99999.000000 -99999.000000 -99999.000000 -99999.000000 -99999.000000 -99999.000000 -99999.000000 -99999.000000 -99999.000000 -99999.000000 -99999.000000 -99999.000000 -99999.000000 -99999.000000 -99999.000000 -99999.000000 -99999.000000 -99999.000000 -99999.000000 -99999.000000 -99999.000000 -99999.000000 -99999.000000 -99999.000000 -99999.000000 -99999.000000 -99999.000000 -99999.000000 -99999.000000 -99999.000000 -99999.000000 -4.214497 -3.106578 -1.751608 -0.479884 0.209503 0.562410 1.048027 1.010914 0.023396 -0.203009 0.297040 0.120067 -0.085600 -0.528282 -0.682475 -0.664142 -0.320595 -0.144019 -0.347796 -0.706094 -0.706094 -0.493639 -0.532252
-99999.000000 -99999.000000 -99999.000000 -99999.000000 -99999.000000 -99999.000000 -99999.000000 -99999.000000 -99999.000000 -99999.000000 -99999.000000 -99999.000000 -99999.000000 -99999.000000 -99999.000000 -99999.000000 -99999.000000 -99999.000000 -99999.000000 -99999.000000 -99999.000000 -99999.000000 -99999.000000 -99999.000000 -99999.000000 -99999.000000 -99999.000000 -99999.000000 -99999.000000 -99999.000000 -99999.000000 -99999.000000 -99999.000000 -99999.000000 -1.331536 -0.487494 0.236242 0.612450 0.882658 1.285654 1.571040 1.166968 0.985309 1.322284 1.067845 0.062093 -0.301926 -0.507172 -0.694444 -0.475479 -0.271854 -0.381531 -0.581726 -0.892755 -0.811634 -0.904450 -1.215116
