example_data/reeves_groundingzone/dirslope_simple.asc
NCOLS 161
NROWS 143
XLLCORNER 587861.400000
YLLCORNER 1677789.600000
CELLSIZE 200.000000
NODATA_VALUE -99999.000000
[rows 50 to 74 of 143, columns 0 to 56 of 161]
-99999.000000 -99999.000000 -99999.000000 -99999.000000 -99999.000000 -99999.000000 -99999.000000 -99999.000000 -99999.000000 -99999.000000 -99999.000000 -99999.000000 -99999.000000 -99999.000000 -99999.000000 -99999.000000 -2.105471 -2.430692 -2.943941 -2.077474 -2.276493 -1.728232 -1.469224 -2.949454 -2.817792 -2.178489 -1.474442 -0.837736 -0.997105 -0.937655 -0.666466 -1.198739 -1.462052 -1.669701 -1.920315 -1.102091 -1.421670 -3.383395 -4.158156 -4.367314 -3.211740 -2.353452 -0.979167 0.063035 0.528964 1.360157 1.619080 -99999.000000 -99999.000000 0.851389 1.187204 -1.247770 -5.546128 -3.049670 -1.106348 -2.157198 -1.579645
-99999.000000 -99999.000000 -99999.000000 -99999.000000 -99999.000000 -99999.000000 -99999.000000 -99999.000000 -99999.000000 -99999.000000 -99999.000000 -99999.000000 -99999.000000 -99999.000000 -99999.000000 -99999.000000 -2.446059 -2.759102 -2.007343 -1.242862 -2.186285 -2.626822 -2.848160 -3.147927 -2.240770 -1.408978 -0.445765 -0.445765 -1.203112 -1.329213 -1.210868 -1.598072 -1.363453 -1.618776 -1.667221 -1.627608 -2.778335 -3.934209 -4.479299 -2.797927 -2.455289 -2.560254 -1.057304 0.000000 1.147237 1.385847 -99999.000000 -99999.000000 -99999.000000 -99999.000000 2.363294 -4.628757 -3.193903 2.905264 -2.143489 -3.116682 -1.988300
-99999.000000 -99999.000000 -99999.000000 -99999.000000 -99999.000000 -99999.000000 -99999.000000 -99999.000000 -99999.000000 -99999.000000 -99999.000000 -99999.000000 -99999.000000 -99999.000000 -99999.000000 -99999.000000 -2.531625 -1.489425 -1.085811 -1.945595 -2.359303 -2.522294 -3.107484 -2.497994 -1.536289 -1.024329 -0.673758 -1.142786 -1.464787 -1.523082 -1.656092 -1.174178 -1.369805 -2.284888 -1.940476 -2.183884 -3.095726 -2.897623 -2.961408 -2.712799 -3.054826 -1.280766 0.069267 1.117430 1.370442 1.370442 -99999.000000 -99999.000000 -99999.000000 -99999.000000 -99999.000000 -0.886634 5.426914 2.374751 -4.041178 -0.840716 -1.222674
-99999.000000 -99999.000000 -99999.000000 -99999.000000 -99999.000000 -99999.000000 -99999.000000 -99999.000000 -99999.000000 -99999.000000 -99999.000000 -99999.000000 -99999.000000 -99999.000000 -99999.000000 -99999.000000 -99999.000000 -1.939916 -1.976146 -2.051156 -2.341256 -2.376623 -1.741758 -1.741758 -2.273703 -1.645706 -1.396743 -1.472519 -1.098147 -1.267131 -1.376303 -1.552664 -2.463127 -2.263297 -2.248537 -3.062457 -2.521389 -2.515068 -3.647099 -3.303476 -2.129573 -0.205283 0.523270 1.118484 1.621626 -99999.000000 -99999.000000 -99999.000000 -99999.000000 -99999.000000 -99999.000000 -99999.000000 -99999.000000 -1.238247 -4.360132 0.707641 -0.675247
-99999.000000 -99999.000000 -99999.000000 -99999.000000 -99999.000000 -99999.000000 -99999.000000 -99999.000000 -99999.000000 -99999.000000 -99999.000000 -99999.000000 -99999.000000 -99999.000000 -99999.000000 -99999.000000 -99999.000000 -99999.000000 -1.401680 -1.414514 -1.664034 -1.396956 -2.031851 -2.870870 -1.877473 -1.764044 -1.580397 -0.799764 -0.887544 -1.490169 -1.707859 -2.097982 -2.500283 -1.844634 -2.181536 -2.532585 -2.634566 -3.420923 -3.203217 -2.557757 -0.818636 0.371298 0.296285 1.479203 1.545015 -99999.000000 -99999.000000 -99999.000000 -99999.000000 -99999.000000 -99999.000000 -99999.000000 -99999.000000 -99999.000000 -3.138858 -2.872670 -6.328742
-99999.000000 -99999.000000 -99999.000000 -99999.000000 -99999.000000 -99999.000000 -99999.000000 -99999.000000 -99999.000000 -99999.000000 -99999.000000 -99999.000000 -99999.000000 -99999.000000 -99999.000000 -99999.000000 -99999.000000 -99999.000000 -0.443376 -1.301547 -1.713099 -1.289279 -2.872728 -2.804368 -1.710694 -1.896750 -0.710820 -0.710820 -1.375474 -1.404514 -1.933706 -2.431235 -1.722542 -2.128062 -3.284002 -3.742519 -3.036311 -2.185423 -2.169424 -1.319333 -0.285136 -0.031922 0.627266 1.608942 1.895856 -99999.000000 -99999.000000 -99999.000000 -99999.000000 -99999.000000 -99999.000000 -99999.000000 -99999.000000 -99999.000000 -99999.000000 -8.258629 -6.872098
-99999.000000 -99999.000000 -99999.000000 -99999.000000 -99999.000000 -99999.000000 -99999.000000 -99999.000000 -99999.000000 -99999.000000 -99999.000000 -99999.000000 -99999.000000 -99999.000000 -99999.000000 -99999.000000 -99999.000000 -99999.000000 -1.213772 -1.770455 -1.055428 -2.265884 -2.975808 -0.669981 -1.264754 -2.174695 -0.794166 -1.195450 -1.291239 -0.810493 -1.313175 -1.723862 -1.926494 -3.276208 -3.583827 -3.620283 -2.211639 -2.955827 -2.915130 -1.646572 -0.829156 -0.276402 0.636830 1.058709 1.457882 2.278595 -99999.000000 -99999.000000 -99999.000000 -99999.000000 -99999.000000 -99999.000000 -99999.000000 -99999.000000 -99999.000000 -99999.000000 -5.673882
-99999.000000 -99999.000000 -99999.000000 -99999.000000 -99999.000000 -99999.000000 -99999.000000 -99999.000000 -99999.000000 -99999.000000 -99999.000000 -99999.000000 -99999.000000 -99999.000000 -99999.000000 -99999.000000 -99999.000000 -99999.000000 -1.430083 -1.442632 -0.853904 -1.612447 -1.466288 -0.498492 -2.010115 -2.039789 -0.762429 -1.250313 -0.778575 -0.839629 -2.279184 -2.734096 -3.239012 -2.395266 -2.905191 -2.665019 -2.640667 -3.660101 -2.587721 -1.566719 -1.476198 -1.085413 0.585398 1.179131 1.733720 3.202222 -99999.000000 -99999.000000 -99999.000000 -99999.000000 -99999.000000 -99999.000000 -99999.000000 -99999.000000 -99999.000000 -99999.000000 -9.767835
-99999.000000 -99999.000000 -99999.000000 -99999.000000 -99999.000000 -99999.000000 -99999.000000 -99999.000000 -99999.000000 -99999.000000 -99999.000000 -99999.000000 -99999.000000 -99999.000000 -99999.000000 -99999.000000 -99999.000000 -99999.000000 -1.652072 -0.991001 -0.220740 -1.250696 -0.870527 -0.427063 -2.863529 -1.677553 -0.546766 -1.634181 -1.105327 -1.849732 -2.818257 -2.896731 -2.312745 -2.806255 -4.749202 -4.607456 -3.419783 -3.204529 -1.669871 -1.723313 -2.359382 -0.343051 0.054107 0.096134 2.212987 2.872454 2.053971 -99999.000000 -99999.000000 -99999.000000 -99999.000000 -99999.000000 -99999.000000 -99999.000000 -99999.000000 -99999.000000 -7.110535
-99999.000000 -99999.000000 -99999.000000 -99999.000000 -99999.000000 -99999.000000 -99999.000000 -99999.000000 -99999.000000 -99999.000000 -99999.000000 -99999.000000 -99999.000000 -99999.000000 -99999.000000 -99999.000000 -99999.000000 -99999.000000 -99999.000000 -0.972023 -0.431237 -1.229700 -0.890566 -2.323744 -2.096395 -0.592082 -2.635896 -2.406449 -1.321644 -1.431703 -1.893445 -1.464861 -1.618061 -4.096827 -4.723057 -3.576038 -2.897258 -2.699487 -1.751322 -3.448137 -3.154757 -0.849442 -2.017769 -1.657768 0.797079 -0.328349 0.263904 4.438643 -99999.000000 -99999.000000 -99999.000000 -99999.000000 -99999.000000 -99999.000000 -99999.000000 -99999.000000 -4.383862
-99999.000000 -99999.000000 -99999.000000 -99999.000000 -99999.000000 -99999.000000 -99999.000000 -99999.000000 -99999.000000 -99999.000000 -99999.000000 -99999.000000 -99999.000000 -99999.000000 -99999.000000 -99999.000000 -99999.000000 -99999.000000 -99999.000000 -99999.000000 -1.073341 -0.969229 0.024988 -1.375201 -1.623877 -2.186013 -2.853699 -2.488131 -1.350411 -1.675750 -2.430932 -1.912545 -2.700846 -3.657874 -1.415209 -1.761014 -1.937369 -1.855152 -2.879155 -4.336804 -3.627241 -2.752236 -3.760555 -2.659091 -0.337229 -1.879909 -1.014427 2.003517 -2.256115 -99999.000000 -99999.000000 -99999.000000 -99999.000000 -99999.000000 -99999.000000 -7.066296 -3.789104
-99999.000000 -99999.000000 -99999.000000 -99999.000000 -99999.000000 -99999.000000 -99999.000000 -99999.000000 -99999.000000 -99999.000000 -99999.000000 -99999.000000 -99999.000000 -99999.000000 -99999.000000 -99999.000000 -99999.000000 -99999.000000 -99999.000000 -99999.000000 -99999.000000 -0.677693 -0.210547 -1.528050 -2.501966 -3.197967 -3.034343 -3.097284 -2.046019 -2.792600 -2.531644 -2.537215 -3.858149 -2.105744 -2.525990 -2.763415 -2.770771 -3.835665 -4.855533 -3.857594 -3.415879 -3.894924 -5.157261 -3.224308 -2.131866 -4.736037 -3.322276 -1.072013 -6.282498 -0.245820 -6.795255 -10.612631 -11.136817 -14.662962 -10.529823 -4.556707 -4.149759
-99999.000000 -99999.000000 -99999.000000 -99999.000000 -99999.000000 -99999.000000 -99999.000000 -99999.000000 -99999.000000 -99999.000000 -99999.000000 -99999.000000 -99999.000000 -99999.000000 -99999.000000 -99999.000000 -99999.000000 -99999.000000 -99999.000000 -99999.000000 -99999.000000 -99999.000000 -0.150430 -2.073900 -3.533874 -2.560100 -3.688159 -4.748346 -3.175110 -2.570139 -1.683439 -2.032861 -2.699447 -1.852901 -4.045093 -2.321997 -3.862860 -4.605261 -4.224540 -5.120913 -5.414892 -5.629084 -6.050254 -1.333650 -4.783867 -7.564891 -1.402028 -3.839333 -5.854391 -2.869277 -13.298420 -3.964257 -5.448429 -15.763248 -10.896034 -6.002397 -2.493660
-99999.000000 -99999.000000 -99999.000000 -99999.000000 -99999.000000 -99999.000000 -99999.000000 -99999.000000 -99999.000000 -99999.000000 -99999.000000 -99999.000000 -99999.000000 -99999.000000 -99999.000000 -99999.000000 -99999.000000 -99999.000000 -99999.000000 -99999.000000 -99999.000000 -99999.000000 -99999.000000 -2.129194 -3.082193 -4.531942 -5.761518 -3.846311 -3.136962 -1.721915 -2.345780 -3.824845 -4.374324 -4.944169 -5.302642 -2.376789 -3.335159 -3.341609 -3.438101 -5.675101 -3.900401 -5.512995 -3.811468 -1.722551 -7.140986 -6.794401 -2.672422 -9.707618 -6.465254 -4.827377 -11.549987 -8.363150 -8.697110 -7.704532 -4.980700 -3.844497 -1.328112
-99999.000000 -99999.000000 -99999.000000 -99999.000000 -99999.000000 -99999.000000 -99999.000000 -99999.000000 -99999.000000 -99999.000000 -99999.000000 -99999.000000 -99999.000000 -99999.000000 -99999.000000 -99999.000000 -99999.000000 -99999.000000 -99999.000000 -99999.000000 -99999.000000 -99999.000000 -99999.000000 -99999.000000 -5.567603 -6.884991 -4.061637 -3.568549 -2.851356 -2.429396 -4.649023 -6.082483 -5.820258 -7.096533 -5.954785 -5.306702 -8.005603 -5.791817 -6.058878 -5.190123 -1.779167 -3.065873 -2.216667 -4.489831 -5.952970 -5.220046 -6.991166 -8.064637 -5.654443 -5.092507 -10.458867 -5.643929 -5.263937 -6.007429 -3.256553 -1.533544 -0.297197
-99999.000000 -99999.000000 -99999.000000 -99999.000000 -99999.000000 -99999.000000 -99999.000000 -99999.000000 -99999.000000 -99999.000000 -99999.000000 -99999.000000 -99999.000000 -99999.000000 -99999.000000 -99999.000000 -99999.000000 -99999.000000 -99999.000000 -99999.000000 -99999.000000 -99999.000000 -99999.000000 -99999.000000 -99999.000000 -4.042588 -4.363027 -5.920671 -4.534110 -5.283091 -8.587042 -6.627262 -5.787293 -7.845745 -4.689339 -8.665086 -9.225771 -6.104439 -6.836924 -4.955477 -3.098026 -3.062952 -2.913915 -3.564085 -4.037030 -2.985271 -5.208002 -6.134867 -5.882264 -6.723204 -9.021982 -4.298925 -2.816593 -0.630062 -1.984714 -1.560728 0.044103
-99999.000000 -99999.000000 -99999.000000 -99999.000000 -99999.000000 -99999.000000 -99999.000000 -99999.000000 -99999.000000 -99999.000000 -99999.000000 -99999.000000 -99999.000000 -99999.000000 -99999.000000 -99999.000000 -99999.000000 -99999.000000 -99999.000000 -99999.000000 -99999.000000 -99999.000000 -99999.000000 -99999.000000 -99999.000000 -99999.000000 -7.280501 -5.508031 -4.992359 -8.061906 -9.104097 -6.462161 -11.005674 -11.076610 -8.268742 -12.027657 -7.284059 -5.450662 -5.730677 -4.385329 -4.230590 -4.213097 -3.085939 -2.978398 -4.081786 -2.225475 -4.045408 -5.249084 -2.713137 -3.742232 -3.526853 -2.059279 -3.241319 -1.094723 -0.220713 -0.273972 0.408850
-99999.000000 -99999.000000 -99999.000000 -99999.000000 -99999.000000 -99999.000000 -99999.000000 -99999.000000 -99999.000000 -99999.000000 -99999.000000 -99999.000000 -99999.000000 -99999.000000 -99999.000000 -99999.000000 -99999.000000 -99999.000000 -99999.000000 -99999.000000 -99999.000000 -99999.000000 -99999.000000 -99999.000000 -99999.000000 -99999.000000 -99999.000000 -4.279146 -4.617762 -8.498194 -7.710383 -9.279260 -13.570378 -11.409460 -11.287698 -11.055673 -8.810970 -8.610283 -8.129243 -5.737144 -4.125247 -3.707336 -1.231766 -2.593746 -3.041413 -1.891632 -3.518666 -2.842451 -1.657704 -3.532530 -2.788608 -2.197115 -1.964150 -0.629961 0.041430 0.181449 0.380810
-99999.000000 -99999.000000 -99999.000000 -99999.000000 -99999.000000 -99999.000000 -99999.000000 -99999.000000 -99999.000000 -99999.000000 -99999.000000 -99999.000000 -99999.000000 -99999.000000 -99999.000000 -99999.000000 -99999.000000 -99999.000000 -99999.000000 -99999.000000 -99999.000000 -99999.000000 -99999.000000 -99999.000000 -99999.000000 -99999.000000 -99999.000000 -99999.000000 -10.058297 -13.189306 -11.545337 -12.662886 -9.789242 -6.891716 -7.661702 -8.294977 -9.069441 -8.220010 -7.644437 -2.857948 -3.909773 -3.137296 -1.056360 -2.355849 -1.470426 -1.573128 -1.661166 -1.065690 -1.746267 -2.352166 -1.437481 -0.973678 -0.240625 0.276717 0.276717 0.761262 0.415017
-99999.000000 -99999.000000 -99999.000000 -99999.000000 -99999.000000 -99999.000000 -99999.000000 -99999.000000 -99999.000000 -99999.000000 -99999.000000 -99999.000000 -99999.000000 -99999.000000 -99999.000000 -99999.000000 -99999.000000 -99999.000000 -99999.000000 -99999.000000 -99999.000000 -99999.000000 -99999.000000 -99999.000000 -99999.000000 -99999.000000 -99999.000000 -99999.000000 -99999.000000 -99999.000000 -9.896855 -8.363371 -6.919432 -6.196034 -8.768787 -9.131282 -5.483483 -5.590079 -4.752090 -1.822927 -4.016523 -2.826890 -1.901625 -1.417238 -0.645565 -0.986429 -0.827192 -0.621102 -1.015508 -0.725873 -0.437495 -0.147216 0.568936 0.405018 0.706316 0.683574 -0.029072
-99999.000000 -99999.000000 -99999.000000 -99999.000000 -99999.000000 -99999.000000 -99999.000000 -99999.000000 -99999.000000 -99999.000000 -99999.000000 -99999.000000 -99999.000000 -99999.000000 -99999.000000 -99999.000000 -99999.000000 -99999.000000 -99999.000000 -99999.000000 -99999.000000 -99999.000000 -99999.000000 -99999.000000 -99999.000000 -99999.000000 -99999.000000 -99999.000000 -99999.000000 -99999.000000 -99999.000000 -4.223358 -5.103554 -5.315283 -7.527503 -6.273822 -3.852201 -5.679640 -3.853051 -3.321837 -2.776286 -2.395601 -1.414091 -1.017991 -0.334275 -0.264762 -0.049834 -0.621406 -0.389763 -0.285158 -0.290470 0.461777 0.603911 0.516028 0.484300 -0.135394 -0.197848
-99999.000000 -99999.000000 -99999.000000 -99999.000000 -99999.000000 -99999.000000 -99999.000000 -99999.000000 -99999.000000 -99999.000000 -99999.000000 -99999.000000 -99999.000000 -99999.000000 -99999.000000 -99999.000000 -99999.000000 -99999.000000 -99999.000000 -99999.000000 -99999.000000 -99999.000000 -99999.000000 -99999.000000 -99999.000000 -99999.000000 -99999.000000 -99999.000000 -99999.000000 -99999.000000 -99999.000000 -3.605162 -3.982802 -2.971548 -2.967068 -2.210948 -3.434862 -4.116465 -1.944778 -2.218864 -2.202002 -0.943342 0.208792 0.387072 0.852616 0.469742 0.127200 -0.073842 0.242084 -0.170630 0.189548 0.698996 0.359485 0.263529 -0.200070 -0.541560 -0.647550
-99999.000000 -99999.000000 -99999.000000 -99999.000000 -99999.000000 -99999.000000 -99999.000000 -99999.000000 -99999.000000 -99999.000000 -99999.000000 -99999.000000 -99999.000000 -99999.000000 -99999.000000 -99999.000000 -99999.000000 -99999.000000 -99999.000000 -99999.000000 -99999.000000 -99999.000000 -99999.000000 -99999.000000 -99999.000000 -99999.000000 -99999.000000 -99999.000000 -99999.000000 -99999.000000 -99999.000000 -99999.000000 -1.537646 -3.778446 -4.895831 -3.574384 -3.484020 -1.457110 -0.758011 -1.816992 -1.711610 1.244432 0.790388 0.694781 0.880533 0.297209 0.078660 -0.176481 -0.374874 -0.610901 -0.252651 0.061478 0.000000 -0.279872 -0.559730 -0.692632 -1.002891
-99999.000000 -99999.000000 -99999.000000 -99999.000000 -99999.000000 -99999.000000 -99999.000000 -99999.000000 -99999.000000 -99999.000000 -99999.000000 -99999.000000 -99999.000000 -99999.000000 -99999.000000 -99999.000000 -99999.000000 -99999.000000 -99999.000000 -99999.000000 -99999.000000 -99999.000000 -99999.000000 -99999.000000 -99999.000000 -99999.000000 -99999.000000 -99999.000000 -99999.000000 -99999.000000 -99999.000000 -99999.000000 -99999.000000 -5.448007 -3.963178 -3.396240 -1.528938 -0.274224 0.274224 0.268324 0.946447 2.068713 -0.665554 -0.359147 0.474086 0.184731 -0.111571 -0.598968 -0.688182 -0.771383 -0.133753 -0.044791 -0.295305 -0.715461 -0.914495 -0.348621 -0.585150
-99999.000000 -99999.000000 -99999.000000 -99999.000000 -99999.000000 -99999.000000 -99999.000000 -99999.000000 -99999.000000 -99999.000000 -99999.000000 -99999.000000 -99999.000000 -99999.000000 -99999.000000 -99999.000000 -99999.000000 -99999.000000 -99999.000000 -99999.000000 -99999.000000 -99999.000000 -99999.000000 -99999.000000 -99999.000000 -99999.000000 -99999.000000 -99999.000000 -99999.000000 -99999.000000 -99999.000000 -99999.000000 -99999.000000 -99999.000000 -1.165285 -1.014145 0.462380 0.499095 1.040751 1.327513 1.773020 0.789477 0.674194 1.451867 1.285390 0.212066 -0.425345 -0.475128 -0.700520 -0.516744 -0.156990 -0.509534 -0.609239 -0.942871 -0.714112 -0.704175 -1.260106
