example_data/reeves_groundingzone/dirslope_simple.asc
NCOLS 161
NROWS 143
XLLCORNER 587861.400000
YLLCORNER 1677789.600000
CELLSIZE 200.000000
NODATA_VALUE -99999.000000
[rows 25 to 49 of 143, columns 57 to 113 of 161]
-1.966547 -1.997416 -2.424151 -2.430367 -1.858250 -2.718140 -3.149110 -1.290643 -1.771750 -2.897920 -2.373857 -1.977631 -2.011745 -2.503236 -2.654975 -2.516555 -1.952507 -1.385403 -1.282025 -1.863303 -1.133583 -1.251658 -2.425162 -2.323868 -1.697094 -1.632717 -1.168747 -0.728656 -1.003688 -2.204136 -4.477243 -6.002124 -6.508864 -8.638801 -5.422917 -5.150648 -14.339104 -17.230712 -14.564238 -6.228574 -1.098320 0.000000 0.000000 0.000000 0.000000 0.000000 0.000000 0.000000 0.000000 0.000000 0.000000 0.000000 0.000000 0.000000 0.000000 0.000000 0.000000
-1.844152 -1.777688 -2.061705 -2.353520 -2.205160 -2.577490 -3.033477 -3.159403 -2.991537 -2.424976 -1.923797 -1.919945 -1.206978 -1.491167 -2.810345 -2.509360 -2.469628 -1.556847 -0.849336 -1.386045 -1.784362 -1.963361 -2.361023 -2.153424 -1.702337 -1.076489 -0.590567 -0.868197 -1.117863 -2.197289 -3.849903 -4.418068 -4.743798 -6.983145 -8.615859 -10.700795 -15.769956 -16.722475 -7.249525 -3.880090 -3.542645 0.000000 0.000000 0.000000 0.000000 0.000000 0.000000 0.000000 0.000000 0.000000 0.000000 0.000000 0.000000 0.000000 0.000000 0.000000 0.000000
-1.840020 -1.919708 -2.168766 -1.161275 -1.141955 -2.541325 -2.916885 -2.916885 -2.709168 -2.295527 -2.023175 -1.874757 -1.885097 -2.893335 -2.913378 -2.206271 -1.336117 -0.707796 -1.034510 -1.509325 -1.956881 -2.076702 -1.945768 -1.669238 -1.669064 -1.391201 -0.971772 -1.110564 -1.908884 -2.811845 -2.343317 -3.031216 -5.110719 -7.466863 -8.835553 -9.818640 -14.114310 -15.132948 -10.991167 -6.397663 0.000000 0.000000 0.000000 0.000000 0.000000 0.000000 0.000000 0.000000 0.000000 0.000000 0.000000 0.000000 0.000000 0.000000 0.000000 0.000000 0.000000
-1.722307 -2.004931 -2.409901 -2.565933 -2.617468 -2.730055 -2.586271 -2.323834 -0.976709 -0.870214 -1.587971 -1.598424 -2.332377 -2.837680 -2.777651 -2.196408 -1.817847 -1.456547 -1.474295 -1.938073 -1.938073 -1.213406 -1.229288 -1.601048 -1.712764 -1.544175 -1.085460 -1.129788 -1.555150 -2.349993 -3.761922 -5.242747 -6.183726 -8.625200 -10.712640 -7.937625 -11.775960 -17.690808 -15.813248 -6.243708 0.000000 0.000000 0.000000 0.000000 0.000000 0.000000 0.000000 0.000000 0.000000 0.000000 0.000000 0.000000 0.000000 0.000000 0.000000 0.000000 0.000000
-1.088819 -2.098037 -2.234179 -2.418951 -2.813619 -3.100371 -2.893125 -2.443019 -2.002835 -1.096149 -1.226617 -1.977942 -1.379462 -1.385862 -2.455140 -2.612145 -2.327000 -1.451028 -1.403129 -1.702032 -1.690904 -1.808980 -1.736479 -1.451260 -1.579861 -1.276460 -0.421425 -0.870791 -1.910074 -3.019260 -4.228103 -5.151583 -5.904431 -7.368181 -9.402144 -13.829042 -19.006850 -17.290416 -9.080674 -0.398975 0.000000 0.000000 0.000000 0.000000 0.000000 0.000000 0.000000 0.000000 0.000000 0.000000 0.000000 0.000000 0.000000 0.000000 0.000000 0.000000 0.000000
-2.100259 -2.240916 -2.662635 -2.829380 -1.391954 -1.253045 -2.705496 -2.427166 -2.033128 -1.034679 -0.970421 -2.061685 -2.281928 -2.243562 -2.472844 -2.348402 -1.602954 -0.582912 -1.034996 -1.889203 -1.603857 -1.752776 -1.891228 -1.402557 -1.378485 -1.358611 -1.208135 -1.769146 -2.638516 -4.161355 -5.415919 -3.398347 -4.482039 -8.946494 -12.041789 -16.847689 -16.182962 -14.656008 -6.982418 -0.398975 0.000000 0.000000 0.000000 0.000000 0.000000 0.000000 0.000000 0.000000 0.000000 0.000000 0.000000 0.000000 0.000000 0.000000 0.000000 0.000000 0.000000
-2.191907 -2.274504 -2.700391 -3.003575 -3.289029 -2.941522 -2.467310 -2.217828 -0.780483 -0.063798 -0.771387 -1.390710 -1.779182 -2.100609 -2.291037 -1.996813 -1.561909 -1.423309 -1.751513 -1.748904 -1.748904 -1.910284 -1.035992 -0.741296 -1.487698 -1.329265 -1.370701 -1.818783 -2.436657 -3.824467 -4.984261 -6.060589 -8.865369 -11.570097 -15.761983 -11.403790 -12.004167 -17.285967 -7.066710 -0.394421 0.000000 0.000000 0.000000 0.000000 0.000000 0.000000 0.000000 0.000000 0.000000 0.000000 0.000000 0.000000 0.000000 0.000000 0.000000 0.000000 0.000000
-1.222295 -1.432494 -2.869667 -2.950765 -3.093525 -2.975122 -2.968103 -2.379119 -1.827789 -1.341454 -1.459971 -1.703103 -1.637323 -0.643844 -1.006514 -1.895686 -1.597771 -1.615620 -1.751513 -1.707045 -1.707045 -1.713429 -1.554584 -1.455858 -1.471499 -1.471499 -1.601049 -0.973777 -1.800757 -4.294798 -5.931687 -7.494564 -7.838772 -9.799428 -13.145537 -15.814488 -18.066812 -9.604402 -0.567922 0.000000 0.000000 0.000000 0.000000 0.000000 0.000000 0.000000 0.000000 0.000000 0.000000 0.000000 0.000000 0.000000 0.000000 0.000000 0.000000 0.000000 0.000000
-2.187735 -2.974803 -3.289443 -3.366462 -3.201833 -1.453734 -1.435349 -2.552432 -1.611724 -1.486279 -1.833755 -1.875525 -1.948352 -1.898139 -1.561319 -1.295754 -1.580089 -1.577710 -0.718640 -0.857796 -1.859880 -1.747425 -1.466800 -1.476258 -1.407675 -1.123073 -1.478246 -2.415819 -3.677616 -5.708553 -7.517111 -4.834262 -5.937816 -11.587062 -15.345715 -18.105917 -15.984443 -6.360629 -1.033568 0.000000 0.000000 0.000000 0.000000 0.000000 0.000000 0.000000 0.000000 0.000000 0.000000 0.000000 0.000000 0.000000 0.000000 0.000000 0.000000 0.000000 0.000000
-2.652632 -2.879117 -2.878237 -2.939161 -2.774400 -2.714269 -2.712353 -2.099198 -1.402103 -0.896686 -0.982028 -1.624877 -1.888358 -1.863250 -1.562704 -1.148671 -1.289886 -1.574731 -1.718348 -1.716466 -1.716466 -1.604440 -1.619080 -0.771370 -0.663956 -1.233279 -1.085963 -2.262987 -3.899074 -5.349191 -6.209016 -7.772898 -11.140666 -12.909892 -16.147554 -16.439966 -7.511390 -3.462208 -2.969168 0.000000 0.000000 0.000000 0.000000 0.000000 0.000000 0.000000 0.000000 0.000000 0.000000 0.000000 0.000000 0.000000 0.000000 0.000000 0.000000 0.000000 0.000000
-2.880204 -1.755086 -1.886152 -3.128750 -3.080508 -2.839178 -2.431564 -1.749091 -2.146571 -2.583001 -2.055637 -2.117340 -2.140469 -1.720738 -0.465316 -0.083300 -0.950514 -1.385682 -1.671421 -1.645480 -1.713035 -1.571211 -1.575081 -1.575081 -1.501309 -0.930780 -1.716403 -1.690767 -2.868037 -5.637338 -6.669067 -8.729840 -10.520950 -8.640097 -11.728138 -12.780914 -9.110741 -5.554382 0.000000 0.000000 0.000000 0.000000 0.000000 0.000000 0.000000 0.000000 0.000000 0.000000 0.000000 0.000000 0.000000 0.000000 0.000000 0.000000 0.000000 0.000000 0.000000
-2.301642 -2.491198 -3.195500 -3.042564 -2.725345 -1.610997 -1.156726 -1.623106 -1.812356 -2.247907 -2.155428 -2.597866 -2.439646 -1.910099 -1.331272 -0.970373 -1.103291 -1.528561 -1.814261 -0.931873 -0.789110 -1.520061 -1.587169 -1.585154 -1.426682 -1.284064 -1.952597 -3.340005 -5.013545 -6.117098 -7.115428 -9.090386 -5.547641 -4.965617 -15.367094 -16.675968 -12.647364 -5.961411 -0.763744 0.000000 0.000000 0.000000 0.000000 0.000000 0.000000 0.000000 0.000000 0.000000 0.058415 0.000000 0.060421 0.000000 0.000000 0.059153 0.000000 0.064330 0.067326
-2.870942 -3.071742 -2.502557 -2.439117 -2.182631 -2.148556 -2.028150 -2.040032 -2.298077 -2.296198 -1.001110 -1.305980 -2.244661 -1.750683 -1.368588 -1.069111 -1.292377 -1.558514 -1.841700 -1.846686 -1.454715 -1.432773 -1.488205 -0.655324 -0.711847 -1.569191 -2.351680 -3.417346 -4.761540 -5.145852 -5.893865 -7.131933 -7.975498 -13.600307 -17.080545 -13.632077 -9.166754 -3.029065 0.000000 0.073890 0.000000 0.072282 0.069233 0.000000 0.066748 0.066748 0.067128 0.192802 0.065328 0.063245 0.063245 -0.064175 0.192136 0.064570 0.064570 0.193219 0.068740
-2.984366 -1.958048 -1.958048 -3.000950 -2.681851 -2.365796 -2.045032 -1.853418 -2.054900 -2.054900 -2.240957 -2.392632 -1.974639 -1.554854 -1.252439 -0.532847 -0.781423 -1.596292 -1.720211 -1.729369 -1.587262 -1.664589 -1.394361 -1.266936 -1.729543 -2.306273 -3.200371 -4.212987 -2.734093 -3.380146 -7.015017 -8.351010 -9.983760 -13.758703 -12.570289 -10.970114 -8.345620 -3.576566 0.198540 0.080816 0.079379 0.198611 -0.041121 0.078616 0.197685 0.076734 0.073841 0.072269 0.000000 0.067622 0.067622 0.070455 0.140909 0.071503 0.143007 0.071202 0.071877
-2.290528 -2.473576 -2.997748 -2.681851 -2.432899 -2.218658 -1.198449 -1.333045 -2.288642 -2.288642 -2.358929 -2.216915 -1.741340 -1.892893 -1.460672 -1.332363 -1.793593 -1.898272 -1.862166 -1.712377 -0.700262 -0.679108 -1.289689 -1.049762 -1.591004 -2.433297 -3.151152 -3.996888 -5.037462 -6.691557 -8.001999 -9.774248 -12.259055 -8.563037 -9.811428 -14.733127 -12.026354 -3.854349 0.198540 0.000000 0.079379 0.079379 0.000000 0.157232 0.076734 0.076734 0.073841 0.072269 0.072269 0.193894 0.135244 0.070455 0.195168 0.143007 0.071503 0.142403 0.143755
-3.141192 -3.000073 -2.805199 -2.066361 -1.947252 -1.693333 -1.600991 -2.166995 -2.240158 -2.118893 -2.257312 -1.222779 -0.819610 -1.578718 -1.398904 -1.505366 -2.116219 -2.279609 -2.287299 -2.138185 -1.845483 -1.559917 -0.866665 -0.882851 -0.744785 -1.315411 -2.928727 -3.911998 -5.432026 -6.294162 -6.941361 -8.282395 -9.422251 -11.186407 -15.567045 -12.937285 -7.000738 0.281053 0.081700 0.000000 0.200524 0.085903 0.085601 0.200448 0.166443 0.083222 0.157385 0.156223 0.156223 0.269635 0.073281 0.029262 0.197224 0.075056 0.075056 0.197380 -0.042039
-3.018754 -2.751811 -1.686956 -1.429818 -2.343419 -2.260135 -1.688859 -1.901188 -1.694321 -1.564693 -1.738544 -1.606533 -1.627407 -1.541504 -1.770454 -2.257400 -1.314546 -1.205701 -2.348820 -2.096773 -1.953879 -1.690755 -1.138423 -1.215951 -1.817407 -2.455767 -3.506398 -4.779863 -6.045103 -3.233675 -4.790873 -9.224787 -8.988508 -13.709083 -15.045774 -9.756027 -5.419529 0.398703 0.127447 0.085556 0.286426 0.085903 0.171202 0.200448 0.083222 0.083222 0.198379 0.156223 0.078111 0.073281 0.000000 0.075495 0.150991 0.000000 0.150112 0.075909 0.078061
-2.072507 -1.833101 -1.632755 -2.095171 -2.167739 -1.664689 -1.277065 -1.096540 -1.269067 -2.139353 -2.272332 -1.954217 -1.703387 -1.297442 -1.476971 -1.967025 -2.098046 -2.484371 -2.344795 -2.040884 -1.039671 -0.709456 -1.369872 -1.346837 -1.424634 -2.094670 -3.160079 -4.468834 -5.342767 -5.580503 -8.246327 -8.554587 -12.076095 -15.382407 -6.684861 -8.508530 -7.676551 0.781948 0.160603 0.150106 0.292322 0.181500 0.092231 0.092231 0.000000 0.177369 0.200289 0.082309 -0.034921 0.078986 0.078986 0.198786 0.079907 0.079097 0.198517 0.079083 0.082625
-2.667466 -2.433715 -2.233518 -1.893844 -1.180844 -0.912893 -1.057782 -1.721837 -2.530687 -2.257396 -2.108147 -1.833606 -1.195113 -0.995972 -1.989074 -2.426443 -2.557381 -2.236049 -2.096425 -2.003109 -1.717136 -1.425364 -1.369872 -1.512556 -2.011201 -1.121512 -1.496501 -3.892372 -4.770466 -6.318964 -7.460704 -5.535681 -9.424964 -10.639607 -9.456142 -10.766755 -3.903862 0.888042 -0.034896 0.124675 0.272248 -0.020074 -0.017364 0.092231 0.112484 0.201167 0.084987 0.000000 0.082309 0.157972 0.078986 0.159814 0.079907 0.158194 0.079097 0.079083 0.082625
-2.395591 -2.279919 -1.969951 -1.213765 -1.080769 -1.585232 -2.039895 -2.651614 -2.531500 -1.621931 -1.392743 -1.296832 -1.139853 -1.737500 -2.304052 -2.555748 -1.565757 -1.463679 -2.407120 -2.166631 -1.828172 -1.515904 -1.429284 -1.572144 -2.002636 -2.561690 -3.617054 -4.348021 -4.753927 -6.460719 -3.926686 -3.351921 -9.895243 -12.241922 -11.886124 -11.012663 -6.115499 0.177627 0.187164 0.143708 0.058997 -0.033553 0.286579 0.179847 0.093153 0.201964 0.092723 0.088469 0.201122 0.085200 0.085200 0.200256 0.084862 0.084576 0.084576 0.084578 0.085953
-1.681094 -1.564781 -1.460509 -1.261749 -1.586287 -1.894262 -2.449131 -2.650646 -1.923036 -1.744421 -2.123524 -1.836676 -1.468670 -1.103964 -1.557249 -1.889135 -1.889135 -2.557855 -2.296394 -1.808509 -1.583584 -0.869930 -0.839186 -1.682539 -1.992904 -2.413792 -3.421696 -3.765444 -4.259015 -5.770589 -6.573250 -7.155038 -11.085132 -13.234117 -6.370511 -9.087617 -10.503959 -2.038602 0.770513 0.219697 0.173854 0.267836 0.399814 0.194622 0.184790 0.299170 0.193851 0.093544 0.093544 0.092193 0.184386 0.089457 0.089457 0.088973 0.088973 0.091445 0.201638
-1.618944 -2.250929 -2.244726 -1.788655 -1.656661 -1.372659 -1.577398 -1.871857 -1.720584 -2.369403 -2.092343 -1.691430 -1.026613 -1.412244 -2.247119 -2.536442 -2.536442 -2.557855 -1.832896 -1.497390 -1.361318 -1.388360 -1.542021 -1.823036 -2.245707 -2.834418 -2.019223 -2.467765 -4.421994 -5.849088 -6.827004 -7.225856 -9.116280 -9.647482 -11.976919 -12.893076 -4.632598 -0.853652 0.367330 0.292929 0.267836 0.173854 0.299862 0.094667 0.175996 0.290376 0.185311 -0.014932 0.202019 0.201819 0.092193 0.178914 0.089457 0.177946 0.177946 0.182890 0.182228
-2.623258 -2.275408 -2.222484 -1.979667 -1.105684 -1.724275 -2.784665 -2.868322 -2.679913 -1.473441 -1.321373 -1.117864 -0.858812 -1.773744 -2.286193 -2.537651 -2.512116 -1.551045 -1.163408 -1.723767 -1.588844 -1.534127 -1.533928 -1.476726 -1.854757 -2.406024 -3.370243 -4.438229 -4.885762 -6.431489 -6.814186 -5.104546 -5.685835 -8.665158 -13.128691 -12.512381 -6.899748 -1.907490 1.223335 0.115390 0.046007 0.046007 0.299608 -0.002811 0.203458 0.304519 -0.001549 0.080419 0.291129 0.000000 0.105788 0.096084 0.096084 0.202114 0.094266 0.095743 0.097030
-2.636897 -1.454217 -1.750704 -1.359683 -1.427805 -2.999855 -2.868322 -2.668803 -1.832244 -1.516881 -1.837413 -0.918943 -1.080133 -1.773744 -1.442106 -1.837224 -1.924811 -1.699089 -1.794153 -1.588844 -1.453902 -1.396441 -0.845112 -1.021902 -2.161231 -2.888206 -3.552939 -4.026402 -4.763059 -5.520504 -5.668359 -6.749615 -8.811810 -10.085903 -12.928541 -7.319604 -3.232311 -4.139760 -1.210440 0.115390 -0.021874 0.157638 0.194118 -0.005622 0.304519 0.203458 0.100123 0.388170 0.177462 -0.018429 0.298932 0.202316 0.192168 0.094266 0.094266 0.095743 0.202399
-1.644064 -1.521486 -2.172190 -1.865881 -2.635318 -2.804413 -1.498343 -1.536056 -1.313170 -1.806145 -1.013013 -0.524953 -1.531501 -1.385342 -1.579772 -2.680447 -2.372347 -2.120769 -1.805814 -1.235958 -1.112395 -1.189420 -1.479146 -2.043246 -2.477386 -3.301764 -3.886932 -2.126370 -3.096155 -5.848353 -6.099270 -7.046310 -7.548199 -8.081824 -11.376844 -9.237119 -5.969367 -3.788014 -1.242497 -0.153398 -0.071248 0.363200 0.174426 0.160590 0.406558 0.305633 0.208363 0.302331 0.098753 0.196053 0.400775 0.303436 0.101146 0.101040 0.101040 0.098456 0.202200
