example_data/reeves_groundingzone/dirslope_horn.asc
NCOLS 161
NROWS 143
XLLCORNER 587861.400000
YLLCORNER 1677789.600000
CELLSIZE 200.000000
NODATA_VALUE -99999.000000
[rows 25 to 49 of 143, columns 0 to 56 of 161]
-99999.000000 -99999.000000 -99999.000000 -99999.000000 -99999.000000 -99999.000000 -1.048733 -1.036753 -1.122712 -1.192757 -0.878107 -0.828352 -1.024718 -0.816361 -1.129272 -1.224816 -1.105740 -1.486272 -1.662159 -1.620921 -1.942750 -2.227652 -2.160559 -2.074558 -1.568387 -1.568387 -2.121111 -2.413065 -2.190343 -1.975706 -1.797243 -1.385618 -1.557128 -2.147249 -2.428989 -2.349773 -2.149726 -1.543365 -1.437122 -1.867817 -2.067531 -2.168247 -1.751202 -1.429077 -1.457187 -1.348732 -1.299820 -1.702353 -2.159966 -2.344113 -1.952533 -1.914594 -2.366561 -2.211993 -2.190357 -1.869771 -1.763231
-99999.000000 -99999.000000 -99999.000000 -99999.000000 -99999.000000 -99999.000000 -1.149876 -0.993913 -1.037280 -1.140934 -0.900388 -0.825045 -0.948393 -0.992344 -1.315076 -1.258188 -1.398401 -2.001835 -2.161401 -2.252527 -1.974093 -1.734420 -1.911514 -1.775068 -1.513165 -1.723321 -2.174138 -2.468004 -2.130645 -2.067001 -2.348944 -2.075385 -2.188700 -1.896178 -1.599445 -1.686350 -1.527801 -1.242558 -1.549385 -1.992551 -2.088044 -2.245172 -1.771240 -1.664691 -2.027415 -1.876796 -1.891544 -1.768254 -1.600896 -1.851956 -1.762872 -2.017794 -2.384449 -2.146697 -2.079606 -1.539013 -1.339280
-99999.000000 -99999.000000 -99999.000000 -99999.000000 -99999.000000 -99999.000000 -0.948758 -0.826025 -1.083248 -1.154539 -1.031923 -0.795865 -0.753759 -0.967329 -1.213275 -1.339586 -1.635725 -2.095407 -2.301726 -2.325217 -1.813208 -1.755280 -2.168264 -2.010315 -1.610662 -1.652557 -1.899644 -2.170778 -2.041753 -2.223668 -2.454540 -2.260905 -2.310147 -1.766560 -1.726967 -2.133211 -1.894029 -1.790313 -1.649158 -1.494792 -1.574766 -1.738781 -1.510954 -1.701229 -2.002743 -1.808075 -1.950156 -1.757411 -1.806993 -2.359123 -2.408053 -2.065673 -1.796719 -1.770864 -1.657728 -1.539198 -1.488573
-99999.000000 -99999.000000 -99999.000000 -99999.000000 -99999.000000 -99999.000000 -0.883352 -0.942352 -1.193140 -1.122913 -0.975746 -0.723405 -0.735396 -1.124599 -1.470435 -1.790597 -1.653927 -1.737874 -2.095284 -2.013194 -1.742714 -1.873996 -2.035057 -1.904307 -1.451393 -1.605085 -2.274629 -2.544974 -2.735571 -2.322018 -1.905075 -1.819927 -1.855471 -1.520053 -1.683815 -2.004163 -1.757217 -1.848018 -1.707872 -1.847642 -2.384239 -2.426957 -2.210799 -1.853173 -1.428937 -1.218050 -1.477605 -1.624379 -1.887455 -2.363063 -2.474075 -1.946171 -1.786254 -2.016259 -1.903153 -1.786338 -1.448248
-99999.000000 -99999.000000 -99999.000000 -99999.000000 -1.351558 -1.258897 -1.116365 -1.030521 -1.008876 -0.976312 -0.833572 -0.712074 -0.703468 -1.136651 -1.587651 -1.923913 -1.690328 -1.887134 -2.455452 -2.267893 -2.022065 -1.739219 -1.545385 -1.632014 -1.632078 -1.910319 -2.435977 -2.638236 -2.769878 -2.211215 -2.020356 -2.419609 -2.292416 -1.971752 -1.643174 -1.373277 -1.174955 -1.377722 -1.613852 -1.986244 -2.471462 -2.388202 -2.254383 -1.907022 -1.457743 -1.512368 -1.938603 -1.843221 -1.600420 -1.885869 -1.948229 -1.784656 -1.810555 -1.957571 -1.911421 -1.760446 -1.294683
-99999.000000 -99999.000000 -99999.000000 -99999.000000 -1.288115 -1.258897 -1.202205 -0.966066 -0.924117 -1.090281 -0.912041 -0.694864 -0.552327 -0.934409 -1.429802 -1.809363 -1.936216 -2.125860 -2.414036 -2.159493 -1.731861 -1.393833 -1.571771 -1.970983 -2.188140 -1.971152 -2.045215 -2.348032 -2.332550 -2.228911 -2.236874 -2.467738 -2.180666 -1.958520 -1.683793 -1.379432 -1.512008 -2.026050 -2.393511 -2.104958 -1.881566 -1.823560 -1.708913 -1.598886 -1.295012 -1.494160 -2.026114 -1.730362 -1.853471 -2.460287 -2.411611 -2.321605 -1.810555 -1.481800 -1.606135 -1.530140 -1.486272
-99999.000000 -99999.000000 -99999.000000 -99999.000000 -1.054436 -1.176634 -1.088183 -0.979129 -0.972847 -1.121037 -0.889518 -0.568801 -0.571690 -1.030119 -1.652755 -2.266374 -2.556303 -2.083921 -1.959390 -1.930902 -1.218612 -1.247321 -1.904366 -2.227493 -2.359618 -1.833726 -2.074606 -2.687729 -2.740470 -2.808134 -2.273420 -1.867293 -1.694049 -1.569942 -1.580493 -1.296896 -1.652427 -2.357792 -2.517113 -2.095528 -2.231409 -2.528526 -2.221054 -1.629467 -0.986515 -1.117231 -1.532312 -1.557069 -2.046235 -2.437879 -2.388552 -2.286851 -1.642163 -1.531097 -1.872767 -1.798887 -1.966242
-99999.000000 -99999.000000 -1.361854 -0.962280 -1.031909 -1.293737 -1.223197 -1.195937 -0.955202 -0.971661 -0.830985 -0.521275 -0.672130 -1.099186 -1.717776 -2.423580 -2.605194 -1.755257 -1.788969 -2.032326 -1.267467 -1.320221 -1.935417 -2.293947 -2.345542 -2.065755 -2.235645 -2.664523 -2.808134 -2.785781 -2.142659 -2.038400 -2.120270 -1.833555 -1.857096 -1.275884 -1.314344 -1.863332 -1.911405 -1.979155 -2.278870 -2.370834 -1.905486 -1.274023 -1.071664 -1.471001 -1.794186 -2.113945 -2.060811 -1.725787 -1.814381 -1.746354 -1.415395 -1.635093 -1.807909 -1.865694 -2.104710
-99999.000000 -99999.000000 -1.271081 -1.105991 -1.130391 -1.264671 -1.290058 -1.221726 -0.837889 -0.905850 -0.867290 -0.528262 -0.826885 -1.009371 -1.297259 -2.096505 -2.240688 -1.759326 -1.822393 -1.836681 -1.545488 -1.570832 -2.214437 -2.862509 -2.770461 -2.572103 -2.046411 -2.047055 -2.408251 -2.387558 -2.155312 -2.241567 -2.037827 -1.617575 -1.717187 -1.407149 -1.721788 -2.314745 -2.536195 -2.478107 -1.883200 -1.564595 -1.142427 -0.831223 -1.005567 -1.484152 -1.917516 -2.247892 -1.963970 -1.905072 -2.339842 -2.131753 -1.911987 -1.629497 -1.348554 -1.582778 -1.895098
-99999.000000 -99999.000000 -1.380279 -1.406787 -1.136893 -0.962304 -1.074531 -1.029691 -0.837997 -0.837943 -0.685089 -0.440632 -0.977615 -1.137904 -1.474293 -2.329199 -2.404374 -1.992420 -1.734631 -1.658552 -1.802014 -2.161870 -2.798739 -3.092357 -2.894615 -2.546688 -1.703050 -2.008300 -2.916678 -2.870590 -2.782572 -2.280845 -1.522680 -1.245758 -1.322803 -1.479314 -2.099972 -2.438525 -2.633851 -2.387931 -1.845396 -1.713455 -1.251922 -1.036279 -0.931214 -1.186817 -1.741812 -1.848516 -1.760514 -1.994628 -2.279346 -2.010613 -1.911987 -1.542048 -1.527472 -2.046680 -2.395612
-99999.000000 -99999.000000 -1.335983 -1.352473 -1.084987 -0.977484 -1.222069 -1.174980 -1.080480 -0.760693 -0.467499 -0.374854 -0.868859 -1.368452 -1.841297 -2.375969 -2.262948 -1.855629 -1.768282 -2.108697 -2.451955 -3.021296 -2.920310 -2.647274 -2.786680 -2.330560 -1.638557 -2.184734 -2.917151 -2.817549 -2.695257 -2.010243 -1.540212 -1.666772 -1.619324 -2.051725 -2.197182 -1.895774 -2.011870 -1.957528 -1.703213 -1.430233 -1.092021 -1.104900 -1.166499 -1.719040 -2.343365 -2.435938 -2.425271 -2.033405 -1.608213 -1.487582 -1.477230 -1.380485 -1.617852 -2.141610 -2.576481
-99999.000000 -99999.000000 -1.154756 -1.173615 -1.137186 -1.150003 -1.297668 -1.166341 -1.025122 -0.686868 -0.457838 -0.570941 -1.061765 -1.473581 -1.721651 -2.033237 -1.922957 -1.850664 -2.076509 -2.426047 -2.790909 -3.219141 -2.673019 -2.627746 -3.163304 -2.597538 -2.115800 -2.092367 -2.133597 -2.259376 -2.190545 -1.721583 -1.551044 -1.649721 -1.650339 -2.093218 -2.065556 -1.997863 -2.341641 -2.191949 -1.593664 -0.842508 -0.614481 -0.884739 -1.436929 -2.074793 -2.454902 -2.573496 -2.453351 -1.832958 -1.647020 -1.968057 -1.908194 -1.901668 -1.655470 -1.655450 -2.173899
-99999.000000 -99999.000000 -99999.000000 -99999.000000 -1.427149 -1.137389 -1.007418 -0.959340 -0.792081 -0.587740 -0.432026 -0.703913 -1.362121 -1.502726 -1.856087 -2.441187 -2.423255 -2.499857 -2.199595 -2.080698 -2.532357 -2.672704 -2.593297 -2.772029 -2.991795 -2.590957 -2.381343 -2.168497 -2.160397 -2.608598 -2.431933 -1.960735 -1.505142 -1.292180 -1.410817 -1.640434 -1.817938 -2.048696 -2.241601 -1.970292 -1.235828 -0.785541 -0.979915 -1.450619 -2.180047 -2.033635 -1.808177 -2.031244 -1.762641 -1.421149 -1.609084 -1.907461 -1.857601 -1.956093 -1.689587 -1.946858 -2.760754
-99999.000000 -99999.000000 -99999.000000 -99999.000000 -1.362805 -1.105755 -1.154656 -1.279389 -0.933115 -0.675363 -0.466575 -0.628566 -1.229126 -1.571073 -2.057190 -2.480639 -2.496576 -2.612529 -2.164376 -2.281417 -3.080343 -3.244752 -3.311379 -2.673144 -2.180557 -2.219807 -2.184017 -2.185423 -2.280722 -2.562629 -2.247733 -1.683001 -1.328578 -1.380511 -1.759961 -1.983542 -1.927474 -1.803967 -1.781251 -1.464125 -0.928333 -1.025075 -1.440531 -1.840446 -2.401446 -1.858430 -1.909245 -2.454376 -2.098116 -1.892599 -1.602928 -1.296891 -1.304362 -1.496550 -1.583326 -2.123941 -2.814719
-99999.000000 -99999.000000 -99999.000000 -99999.000000 -99999.000000 -99999.000000 -99999.000000 -1.265779 -0.809598 -0.600834 -0.734930 -1.101214 -1.812034 -2.330758 -2.113604 -1.872551 -2.032032 -2.182319 -2.166058 -2.584673 -3.146145 -3.309724 -3.247411 -2.399585 -2.295744 -2.814261 -2.731091 -2.713503 -2.253800 -2.005921 -1.710731 -1.137395 -1.258193 -1.539914 -1.812272 -2.029728 -1.716260 -1.836175 -2.133100 -1.825288 -1.553627 -1.426030 -1.344548 -1.649270 -2.064102 -1.728922 -1.937620 -2.272543 -1.916196 -1.833794 -1.498949 -1.398245 -1.805187 -2.136092 -1.936966 -1.810524 -2.170096
-99999.000000 -99999.000000 -99999.000000 -99999.000000 -99999.000000 -99999.000000 -99999.000000 -0.898130 -0.591802 -0.492002 -0.972367 -1.434683 -2.032473 -2.414086 -1.987854 -1.990476 -2.514294 -2.655891 -2.944270 -2.676096 -2.420214 -2.714808 -2.551665 -2.155885 -2.452700 -2.765045 -2.672288 -2.672288 -2.082436 -1.986323 -1.847628 -1.396202 -1.478537 -1.323006 -1.436153 -1.679271 -1.610098 -1.853692 -2.087120 -1.872874 -1.855714 -1.548801 -1.424225 -2.080397 -2.355106 -2.066799 -1.780493 -1.463140 -1.261187 -1.305191 -1.257137 -1.441374 -1.957171 -2.242244 -1.985191 -2.283075 -3.006435
-99999.000000 -99999.000000 -99999.000000 -99999.000000 -99999.000000 -99999.000000 -99999.000000 -99999.000000 -99999.000000 -0.993108 -1.199638 -1.318382 -1.796237 -1.907249 -1.780934 -2.098221 -2.450761 -2.655891 -3.025155 -2.538598 -2.616466 -3.311000 -3.103506 -2.880140 -2.452700 -2.059705 -2.056172 -2.135482 -1.885795 -1.920284 -1.800329 -1.508654 -1.378797 -1.236406 -1.588703 -1.807950 -1.967165 -1.787525 -1.643662 -1.667862 -1.749007 -1.537866 -1.616650 -2.256350 -2.147955 -1.875330 -1.595262 -1.416148 -1.631441 -1.795716 -1.835782 -1.573969 -1.550960 -1.704418 -1.933096 -2.629678 -3.116650
-99999.000000 -99999.000000 -99999.000000 -99999.000000 -99999.000000 -99999.000000 -99999.000000 -99999.000000 -99999.000000 -1.355472 -1.359812 -1.719486 -2.508664 -2.430753 -2.292088 -2.032221 -1.747310 -2.066582 -2.439602 -2.468535 -2.869430 -3.215648 -3.039917 -2.912327 -2.240067 -2.096267 -2.557810 -2.633873 -2.132662 -1.650902 -1.505746 -1.262278 -1.220830 -1.269946 -1.523826 -1.781130 -2.027015 -1.731359 -1.825496 -2.348952 -2.446385 -2.188597 -1.827658 -1.841380 -1.532485 -1.338589 -1.311346 -1.301176 -1.629350 -1.855468 -1.945070 -1.772522 -1.963650 -2.412375 -2.867029 -2.657495 -2.170035
-99999.000000 -99999.000000 -99999.000000 -99999.000000 -99999.000000 -99999.000000 -99999.000000 -99999.000000 -99999.000000 -99999.000000 -99999.000000 -2.056689 -2.634892 -2.415966 -2.181316 -1.757660 -1.774756 -2.638748 -3.134702 -3.358443 -2.852425 -2.392077 -2.493160 -2.333751 -1.970647 -2.177271 -2.557810 -2.571521 -1.975370 -1.753286 -1.857015 -1.564430 -1.499279 -1.194532 -1.165467 -1.470193 -1.709738 -1.755796 -2.096534 -2.603915 -2.701876 -2.315853 -1.749388 -1.860619 -1.764989 -1.488745 -1.486957 -1.113206 -1.106654 -1.385592 -1.593973 -1.807332 -2.122264 -2.561240 -2.906992 -2.413006 -2.335054
-99999.000000 -99999.000000 -99999.000000 -99999.000000 -99999.000000 -99999.000000 -99999.000000 -99999.000000 -99999.000000 -99999.000000 -99999.000000 -99999.000000 -99999.000000 -1.917421 -1.828083 -1.465722 -1.768198 -2.831176 -3.215326 -3.326261 -2.606572 -2.538094 -3.103753 -2.831947 -2.592436 -2.161146 -1.910302 -2.031964 -1.782631 -1.787778 -1.731519 -1.521081 -1.473061 -1.131434 -1.291479 -1.774063 -2.110985 -2.478801 -2.223638 -2.132933 -2.434577 -2.001606 -1.648077 -1.759202 -1.469698 -1.246224 -1.237466 -1.006263 -1.249455 -1.831903 -2.193500 -1.953316 -1.633124 -1.854489 -1.968462 -1.907421 -2.244432
-99999.000000 -99999.000000 -99999.000000 -99999.000000 -99999.000000 -99999.000000 -99999.000000 -99999.000000 -99999.000000 -99999.000000 -99999.000000 -99999.000000 -99999.000000 -2.429523 -2.335507 -1.823558 -1.739053 -2.341585 -2.673451 -2.768695 -2.524043 -2.724210 -3.016268 -2.791176 -2.616399 -2.028714 -2.061149 -2.496251 -2.256806 -1.712730 -1.190637 -1.080131 -1.094193 -1.031540 -1.325389 -1.838943 -2.255375 -2.623964 -2.229334 -2.503241 -3.139716 -2.568103 -2.218148 -1.530410 -0.844549 -0.923751 -0.784985 -0.799102 -1.131941 -1.653940 -1.966002 -1.558039 -1.863802 -2.542410 -2.626240 -2.669841 -2.155513
-99999.000000 -99999.000000 -99999.000000 -99999.000000 -99999.000000 -99999.000000 -99999.000000 -99999.000000 -99999.000000 -99999.000000 -99999.000000 -99999.000000 -99999.000000 -99999.000000 -99999.000000 -1.908194 -1.832924 -2.391936 -3.153844 -3.269010 -3.215725 -2.724210 -2.292559 -2.263890 -2.121212 -1.958394 -2.128696 -2.367721 -2.065081 -1.457224 -1.202538 -1.245355 -1.336161 -1.437036 -1.291939 -1.490446 -1.915239 -2.163207 -2.248144 -2.895299 -3.187801 -2.648960 -2.393133 -1.269528 -0.631916 -0.884928 -0.594628 -0.549343 -0.490720 -0.668201 -0.889744 -0.959899 -2.011022 -2.771313 -2.737283 -2.667016 -2.083624
-99999.000000 -99999.000000 -99999.000000 -99999.000000 -99999.000000 -99999.000000 -99999.000000 -99999.000000 -99999.000000 -99999.000000 -99999.000000 -99999.000000 -99999.000000 -99999.000000 -99999.000000 -1.779094 -1.969627 -2.398081 -3.034002 -3.128489 -3.102037 -2.476568 -2.320068 -2.737942 -2.613137 -2.237324 -1.815355 -1.740949 -1.448731 -1.147261 -1.141411 -1.147978 -1.287317 -1.474865 -1.342434 -1.807916 -2.342420 -2.697944 -3.243618 -3.015276 -2.530872 -2.442041 -2.228308 -1.011142 -0.181599 -0.292195 -0.141170 -0.133846 -0.375839 -0.967046 -1.416057 -2.049188 -2.453385 -2.063824 -2.013253 -1.954649 -1.895305
-99999.000000 -99999.000000 -99999.000000 -99999.000000 -99999.000000 -99999.000000 -99999.000000 -99999.000000 -99999.000000 -99999.000000 -99999.000000 -99999.000000 -99999.000000 -99999.000000 -99999.000000 -99999.000000 -2.636287 -2.347278 -2.319159 -2.579249 -2.486376 -2.255799 -2.399060 -2.731175 -2.631805 -1.993879 -1.708648 -1.889754 -1.614959 -1.422307 -1.058148 -0.794285 -0.913052 -1.079337 -1.322616 -1.778855 -1.890001 -2.650751 -3.660162 -3.079016 -3.021401 -3.340238 -2.496186 -0.950580 0.117019 0.293619 0.376029 0.283741 -0.214167 -0.678206 -1.182285 -2.584554 -3.055189 -3.103862 -3.658889 -3.434291 -3.133231
-99999.000000 -99999.000000 -99999.000000 -99999.000000 -99999.000000 -99999.000000 -99999.000000 -99999.000000 -99999.000000 -99999.000000 -99999.000000 -99999.000000 -99999.000000 -99999.000000 -99999.000000 -99999.000000 -2.677710 -2.202020 -2.316300 -2.819173 -2.697306 -2.366482 -2.070849 -2.261508 -2.160483 -1.705201 -1.537734 -1.537734 -1.418132 -1.321364 -0.855215 -0.870819 -1.204913 -1.431946 -1.773576 -1.453264 -1.105333 -2.157051 -3.156058 -2.926894 -3.271076 -3.244262 -1.984491 -0.524255 0.371819 0.801426 1.081802 1.007479 0.406208 0.230464 -0.009567 -1.674748 -3.025785 -3.340155 -3.812462 -3.546746 -3.075568
