example_data/reeves_groundingzone/dirslope_simple.asc
NCOLS 161
NROWS 143
XLLCORNER 587861.400000
YLLCORNER 1677789.600000
CELLSIZE 200.000000
NODATA_VALUE -99999.000000
[rows 0 to 24 of 143, columns 0 to 56 of 161]
-99999.000000 -99999.000000 -99999.000000 -99999.000000 -99999.000000 -99999.000000 -99999.000000 -99999.000000 -99999.000000 -99999.000000 -99999.000000 -99999.000000 -99999.000000 -99999.000000 -99999.000000 -99999.000000 -99999.000000 -99999.000000 -99999.000000 -99999.000000 -99999.000000 -99999.000000 -99999.000000 -99999.000000 -99999.000000 -99999.000000 -99999.000000 -99999.000000 -99999.000000 -99999.000000 -99999.000000 -99999.000000 -99999.000000 -99999.000000 -99999.000000 -99999.000000 -99999.000000 -99999.000000 -99999.000000 -99999.000000 -99999.000000 -99999.000000 -99999.000000 -99999.000000 -99999.000000 -99999.000000 -99999.000000 -99999.000000 -99999.000000 -99999.000000 -99999.000000 -99999.000000 -99999.000000 -99999.000000 -99999.000000 -99999.000000 -99999.000000
-99999.000000 -99999.000000 -99999.000000 -99999.000000 -99999.000000 -99999.000000 -99999.000000 -99999.000000 -99999.000000 -99999.000000 -99999.000000 -99999.000000 -99999.000000 -99999.000000 -99999.000000 -99999.000000 -99999.000000 -99999.000000 -99999.000000 -99999.000000 -99999.000000 -99999.000000 -99999.000000 -99999.000000 -99999.000000 -99999.000000 -99999.000000 -99999.000000 -99999.000000 -99999.000000 -99999.000000 -99999.000000 -99999.000000 -99999.000000 -99999.000000 -99999.000000 -99999.000000 -99999.000000 -99999.000000 -99999.000000 -99999.000000 -99999.000000 -99999.000000 -99999.000000 -99999.000000 -99999.000000 -99999.000000 -99999.000000 -99999.000000 -99999.000000 -99999.000000 -99999.000000 -99999.000000 -99999.000000 -99999.000000 -99999.000000 -99999.000000
-99999.000000 -99999.000000 -99999.000000 -99999.000000 -99999.000000 -99999.000000 -99999.000000 -99999.000000 -99999.000000 -99999.000000 -99999.000000 -99999.000000 -99999.000000 -99999.000000 -99999.000000 -99999.000000 -99999.000000 -99999.000000 -99999.000000 -99999.000000 -99999.000000 -99999.000000 -99999.000000 -99999.000000 -99999.000000 -99999.000000 -99999.000000 -99999.000000 -99999.000000 -99999.000000 -99999.000000 -99999.000000 -99999.000000 -99999.000000 -99999.000000 -99999.000000 -99999.000000 -99999.000000 -99999.000000 -99999.000000 -99999.000000 -99999.000000 -99999.000000 -99999.000000 -99999.000000 -99999.000000 -99999.000000 -5.381692 -8.096335 -5.362153 -4.348644 -6.412126 -3.291877 -2.722949 -2.283668 -0.818498 -0.729350
-99999.000000 -99999.000000 -99999.000000 -99999.000000 -99999.000000 -99999.000000 -99999.000000 -99999.000000 -99999.000000 -99999.000000 -99999.000000 -99999.000000 -99999.000000 -99999.000000 -99999.000000 -99999.000000 -99999.000000 -99999.000000 -99999.000000 -99999.000000 -99999.000000 -99999.000000 -99999.000000 -99999.000000 -99999.000000 -99999.000000 -99999.000000 -99999.000000 -99999.000000 -99999.000000 -99999.000000 -99999.000000 -99999.000000 -99999.000000 -99999.000000 -99999.000000 -99999.000000 -99999.000000 -99999.000000 -99999.000000 -99999.000000 -99999.000000 -99999.000000 -99999.000000 -99999.000000 -99999.000000 -3.826288 -3.547558 -5.420450 -7.407109 -5.968999 -3.643167 -2.612468 -2.219753 -0.879255 -0.779360 -1.488790
-99999.000000 -99999.000000 -99999.000000 -99999.000000 -99999.000000 -99999.000000 -99999.000000 -99999.000000 -99999.000000 -99999.000000 -99999.000000 -99999.000000 -99999.000000 -99999.000000 -99999.000000 -99999.000000 -99999.000000 -99999.000000 -99999.000000 -99999.000000 -99999.000000 -99999.000000 -99999.000000 -99999.000000 -99999.000000 -99999.000000 -99999.000000 -99999.000000 -99999.000000 -99999.000000 -99999.000000 -1.223711 -0.673354 -1.001092 -2.018890 -1.701037 -1.902196 -2.259346 -1.938073 -2.102164 -2.986020 -2.870723 -2.591287 -3.581056 -2.351792 -1.321245 -0.691541 -2.803934 -5.514324 -5.953272 -5.627939 -3.974565 -2.716770 -2.140925 -1.713027 -1.533826 -1.581759
-99999.000000 -99999.000000 -99999.000000 -99999.000000 -99999.000000 -99999.000000 -99999.000000 -99999.000000 -99999.000000 -99999.000000 -99999.000000 -99999.000000 -99999.000000 -99999.000000 -99999.000000 -99999.000000 -99999.000000 -99999.000000 -99999.000000 -99999.000000 -99999.000000 -99999.000000 -99999.000000 -99999.000000 -99999.000000 -99999.000000 -99999.000000 -99999.000000 -99999.000000 -99999.000000 -0.878097 -0.963746 -0.939815 -1.611115 -2.225501 -2.024581 -1.612933 -2.336523 -2.534659 -2.722082 -3.597320 -2.059401 -1.460771 -2.720090 -3.199273 -4.117018 -2.739274 -1.795923 -4.129847 -5.153103 -2.440395 -1.949297 -3.208860 -2.258844 -1.654420 -1.396295 -1.490408
-99999.000000 -99999.000000 -99999.000000 -99999.000000 -99999.000000 -99999.000000 -99999.000000 -99999.000000 -99999.000000 -99999.000000 -99999.000000 -99999.000000 -99999.000000 -99999.000000 -99999.000000 -99999.000000 -99999.000000 -99999.000000 -99999.000000 -99999.000000 -99999.000000 -99999.000000 -99999.000000 -99999.000000 -99999.000000 -99999.000000 -1.827353 -1.824871 -1.314208 -1.212228 -1.225618 -1.431020 -1.632371 -1.479541 -1.993912 -1.495799 -2.083435 -3.148707 -2.206370 -2.606973 -2.174175 -0.957777 -2.132411 -3.172623 -3.562634 -4.570180 -2.959316 -2.208882 -3.208037 -4.004906 -3.861788 -3.137190 -2.228030 -1.784995 -0.772714 -0.876099 -1.771963
-99999.000000 -99999.000000 -99999.000000 -99999.000000 -99999.000000 -99999.000000 -99999.000000 -99999.000000 -99999.000000 -99999.000000 -99999.000000 -99999.000000 -99999.000000 -99999.000000 -99999.000000 -99999.000000 -99999.000000 -99999.000000 -99999.000000 -99999.000000 -99999.000000 -99999.000000 -99999.000000 -99999.000000 -99999.000000 -1.245527 -1.330041 -1.330041 -1.323157 -1.315699 -1.212813 -1.944735 -1.187947 -1.560962 -2.211575 -2.315097 -3.280957 -2.468986 -1.306936 -2.123444 -1.984779 -2.688002 -3.937568 -3.848415 -3.562634 -3.307124 -0.217304 -0.607583 -3.172251 -3.721385 -3.720649 -2.810953 -1.823635 -1.307922 -1.612512 -1.946063 -1.858837
-99999.000000 -99999.000000 -99999.000000 -99999.000000 -99999.000000 -99999.000000 -99999.000000 -99999.000000 -99999.000000 -99999.000000 -99999.000000 -99999.000000 -99999.000000 -99999.000000 -99999.000000 -99999.000000 -99999.000000 -99999.000000 -99999.000000 -99999.000000 -99999.000000 -99999.000000 -99999.000000 -99999.000000 -1.102879 -1.304758 -1.842229 -1.746831 -1.648612 -0.849926 -1.252270 -1.286631 -1.341759 -2.377034 -2.377034 -2.944270 -3.060690 -1.359408 -1.424052 -2.649032 -2.407063 -3.068670 -4.058875 -3.016882 -2.553077 -2.428636 -2.007926 -2.367661 -2.947269 -3.032118 -1.446804 -1.280530 -1.975149 -1.543265 -2.021231 -2.084110 -1.644136
-99999.000000 -99999.000000 -99999.000000 -99999.000000 -99999.000000 -99999.000000 -99999.000000 -99999.000000 -99999.000000 -99999.000000 -99999.000000 -99999.000000 -99999.000000 -99999.000000 -99999.000000 -99999.000000 -99999.000000 -99999.000000 -99999.000000 -99999.000000 -99999.000000 -99999.000000 -1.198518 -1.198518 -1.289684 -1.863911 -1.746831 -1.640158 -1.011471 -1.011471 -1.632563 -1.518572 -2.033575 -2.377034 -1.894009 -2.032989 -1.950087 -1.649137 -2.326337 -2.830564 -2.906777 -3.465253 -2.431650 -1.348722 -1.990801 -2.211614 -2.332510 -2.530881 -2.571475 -2.571216 -2.137320 -1.865639 -1.833001 -1.823684 -2.272819 -1.358360 -1.005375
-99999.000000 -99999.000000 -99999.000000 -99999.000000 -99999.000000 -99999.000000 -99999.000000 -99999.000000 -99999.000000 -99999.000000 -99999.000000 -99999.000000 -99999.000000 -99999.000000 -99999.000000 -99999.000000 -99999.000000 -99999.000000 -99999.000000 -99999.000000 -99999.000000 -1.011970 -1.751264 -1.858975 -1.853503 -1.308931 -1.220091 -1.109203 -1.143475 -1.574470 -1.657007 -1.860359 -2.174666 -1.486140 -1.486140 -2.404660 -2.433069 -2.420205 -2.542219 -2.330222 -2.211977 -2.544903 -2.698660 -2.477170 -2.056120 -2.196264 -2.119295 -1.151239 -1.150142 -2.316173 -1.869453 -1.697486 -1.705390 -1.630489 -2.282350 -2.172935 -1.890656
-99999.000000 -99999.000000 -99999.000000 -99999.000000 -99999.000000 -99999.000000 -99999.000000 -99999.000000 -99999.000000 -99999.000000 -99999.000000 -99999.000000 -99999.000000 -99999.000000 -99999.000000 -99999.000000 -99999.000000 -99999.000000 -0.585534 -0.864841 -1.067143 -1.642729 -1.858975 -1.858975 -1.209354 -1.098641 -1.562032 -1.562032 -1.660650 -1.774910 -1.327919 -1.226179 -1.453971 -1.615773 -2.323945 -2.404660 -2.433069 -2.656984 -1.751319 -1.673186 -2.696875 -3.085290 -2.863574 -2.411839 -1.909741 -1.909741 -1.886850 -2.005615 -2.010000 -1.748663 -1.306113 -0.774239 -1.034906 -2.329166 -2.701438 -2.221818 -2.209153
-99999.000000 -99999.000000 -99999.000000 -99999.000000 -99999.000000 -99999.000000 -99999.000000 -99999.000000 -99999.000000 -99999.000000 -99999.000000 -99999.000000 -99999.000000 -99999.000000 -99999.000000 -99999.000000 -99999.000000 -0.626890 -1.052473 -1.473200 -1.695575 -1.197469 -1.269015 -1.269015 -1.276084 -1.579847 -1.578106 -1.693484 -1.773635 -1.090376 -1.086854 -1.773556 -2.060812 -2.090902 -2.405640 -1.725540 -1.840500 -2.107656 -2.072987 -2.699245 -2.897703 -2.699615 -2.427962 -1.455664 -1.231376 -2.059703 -2.048061 -2.244780 -1.878523 -1.439149 -1.309231 -1.403833 -1.966189 -2.570738 -2.637868 -2.218922 -1.333536
-99999.000000 -99999.000000 -99999.000000 -99999.000000 -99999.000000 -99999.000000 -99999.000000 -99999.000000 -99999.000000 -99999.000000 -99999.000000 -99999.000000 -99999.000000 -99999.000000 -99999.000000 -0.732580 -0.820020 -1.278944 -1.536213 -1.698219 -1.115420 -1.227006 -1.866830 -1.854972 -1.689921 -1.575380 -1.124885 -1.237340 -1.229341 -1.229341 -1.773852 -1.897089 -2.096712 -2.297291 -1.597346 -1.400152 -2.610219 -2.844420 -2.844420 -2.814068 -2.063868 -1.865424 -1.968086 -1.708347 -1.994263 -2.312768 -2.333817 -1.185737 -1.044714 -1.933336 -1.289162 -1.294091 -2.022078 -1.986765 -2.029895 -1.992865 -1.801701
-99999.000000 -99999.000000 -99999.000000 -99999.000000 -99999.000000 -99999.000000 -99999.000000 -99999.000000 -99999.000000 -99999.000000 -99999.000000 -99999.000000 -99999.000000 -99999.000000 -99999.000000 -1.370536 -1.370536 -1.473393 -1.276953 -1.365839 -1.399296 -1.862913 -1.866830 -1.759890 -1.575380 -1.002502 -1.005712 -1.768931 -1.676929 -1.676929 -1.687229 -1.480283 -1.629602 -1.717524 -1.634669 -2.442272 -2.841543 -2.844420 -2.844420 -1.794782 -1.668532 -2.342245 -2.047325 -1.787610 -1.763279 -1.948610 -1.999984 -2.206547 -2.147642 -1.289162 -0.785225 -1.608015 -1.155994 -1.315444 -2.398946 -2.211623 -2.329934
-99999.000000 -99999.000000 -99999.000000 -99999.000000 -99999.000000 -99999.000000 -99999.000000 -99999.000000 -99999.000000 -99999.000000 -99999.000000 -99999.000000 -99999.000000 -99999.000000 -1.526784 -1.470395 -1.391829 -0.985067 -1.182029 -1.776845 -1.776845 -1.874469 -1.286476 -1.191544 -1.225011 -1.113676 -1.678635 -1.767678 -1.571565 -1.684989 -1.231746 -1.394163 -2.101432 -2.229440 -2.229440 -2.616386 -2.119385 -2.083837 -1.999663 -1.869575 -2.119682 -1.633429 -1.657286 -0.951114 -1.210524 -2.156355 -2.072020 -2.315803 -2.000358 -0.931835 -1.014453 -1.354981 -1.533158 -2.312152 -2.262312 -2.155329 -2.064152
-99999.000000 -99999.000000 -99999.000000 -99999.000000 -99999.000000 -99999.000000 -99999.000000 -99999.000000 -99999.000000 -99999.000000 -99999.000000 -99999.000000 -99999.000000 -1.597461 -1.240873 -1.077516 -1.077516 -1.342178 -1.716881 -1.691544 -1.891740 -1.209050 -1.213022 -1.855900 -1.675045 -1.563752 -1.767678 -1.233305 -1.135017 -1.248485 -1.492527 -2.138155 -2.219253 -2.229440 -2.471003 -1.793040 -1.711621 -2.641313 -2.473086 -2.266120 -1.119011 -1.033255 -1.122952 -1.005235 -2.017836 -2.212253 -2.017816 -2.042323 -1.042487 -0.631216 -1.358058 -1.494030 -1.946568 -2.262312 -1.595204 -1.707136 -1.656829
-99999.000000 -99999.000000 -99999.000000 -99999.000000 -99999.000000 -99999.000000 -99999.000000 -99999.000000 -99999.000000 -99999.000000 -99999.000000 -99999.000000 -1.658389 -0.946818 -0.954677 -1.402073 -1.474112 -1.588456 -1.230189 -1.415390 -1.334197 -1.308326 -1.877427 -1.676234 -1.574755 -1.689110 -1.195921 -0.996645 -1.578263 -1.778302 -2.016584 -2.141966 -1.581590 -1.696865 -1.939100 -2.012161 -2.655884 -2.435857 -2.321123 -1.342843 -0.917022 -1.379205 -1.402602 -1.714978 -2.264717 -1.495575 -1.419113 -1.830244 -1.510380 -1.257941 -1.357822 -1.625737 -2.077912 -1.275389 -1.141921 -2.256912 -2.060880
-99999.000000 -99999.000000 -99999.000000 -99999.000000 -99999.000000 -99999.000000 -99999.000000 -99999.000000 -99999.000000 -99999.000000 -99999.000000 -1.421678 -1.364897 -1.175610 -1.471581 -1.402073 -1.597803 -0.993321 -1.112369 -1.703401 -1.703401 -1.927704 -1.787761 -1.138019 -1.258719 -1.258719 -1.294123 -1.584680 -1.693690 -1.893704 -2.016584 -1.311669 -1.510411 -2.351229 -2.624509 -2.655884 -1.893887 -1.752873 -1.723456 -1.371598 -1.470095 -1.470095 -1.895635 -2.117552 -1.432088 -1.146243 -2.182385 -2.189897 -1.360360 -1.342173 -1.326524 -1.324049 -1.776366 -1.898540 -2.127634 -2.180665 -2.250495
-99999.000000 -99999.000000 -99999.000000 -99999.000000 -99999.000000 -99999.000000 -99999.000000 -99999.000000 -99999.000000 -99999.000000 -0.967763 -1.640017 -1.471818 -1.471818 -1.138230 -1.115122 -1.238987 -1.145547 -1.642070 -1.768955 -1.842323 -1.912473 -1.111544 -1.190297 -1.711108 -1.788998 -1.712139 -1.669168 -1.361836 -1.477979 -1.519904 -1.846157 -2.417057 -2.460630 -2.658957 -1.596869 -1.596869 -2.512215 -2.311627 -1.773247 -1.440594 -1.157126 -1.248947 -1.358686 -1.403935 -1.862044 -2.023699 -1.755837 -1.259774 -0.827003 -0.958875 -1.860581 -2.312536 -2.312839 -2.312839 -1.986683 -1.960660
-99999.000000 -99999.000000 -99999.000000 -99999.000000 -99999.000000 -99999.000000 -99999.000000 -99999.000000 -99999.000000 -1.418766 -1.505596 -1.505596 -1.471818 -0.888478 -0.774783 -1.402367 -1.402367 -1.398112 -1.716957 -1.402030 -1.451538 -1.503303 -1.356476 -1.709307 -1.711108 -1.788998 -1.789539 -1.187547 -1.283226 -1.947498 -2.180930 -2.417057 -2.218038 -1.784554 -1.942689 -1.987164 -2.531146 -2.399139 -1.972250 -1.555056 -1.011960 -1.214297 -1.838887 -2.041145 -2.064105 -1.968326 -1.385264 -1.345930 -1.293382 -1.450638 -1.993182 -2.229825 -2.363459 -2.365599 -1.434705 -1.440633 -2.238824
-99999.000000 -99999.000000 -99999.000000 -99999.000000 -99999.000000 -99999.000000 -99999.000000 -99999.000000 -1.643719 -1.592922 -1.245060 -1.191346 -1.100852 -1.053051 -1.154573 -1.401008 -1.451353 -1.649377 -1.103013 -0.904233 -1.849758 -1.977344 -1.853706 -1.853706 -1.516711 -1.516711 -1.434349 -1.434349 -2.105502 -2.105502 -2.263600 -2.296855 -1.398212 -1.592728 -2.654390 -2.557761 -2.442086 -1.596873 -1.259869 -1.054935 -1.123483 -1.827650 -1.919644 -2.121959 -1.943015 -1.214756 -1.226570 -1.937177 -1.702138 -1.855908 -2.112571 -1.860007 -1.992761 -2.008496 -2.008496 -2.360348 -2.494572
-99999.000000 -99999.000000 -99999.000000 -99999.000000 -99999.000000 -99999.000000 -99999.000000 -1.528536 -1.446200 -0.716302 -0.920741 -1.407714 -1.464559 -1.223002 -1.088925 -0.976011 -0.947962 -1.231044 -1.231044 -1.789816 -2.109714 -1.986879 -1.920084 -1.140213 -1.193399 -1.977542 -1.919324 -2.036360 -2.195508 -1.768835 -1.896186 -1.747406 -1.604526 -2.528581 -2.528581 -2.436439 -1.517390 -1.319674 -1.899906 -1.662136 -1.737163 -1.841648 -1.346797 -1.346797 -1.258558 -1.356607 -1.865969 -1.800601 -1.914400 -2.113064 -1.316590 -1.377802 -2.426346 -2.408130 -2.408130 -2.061757 -2.090317
-99999.000000 -99999.000000 -99999.000000 -99999.000000 -99999.000000 -99999.000000 -99999.000000 -1.296718 -1.257440 -1.257440 -1.457578 -1.357847 -1.277617 -0.903656 -0.576628 -0.638097 -1.201036 -1.582931 -1.777917 -1.855359 -1.523713 -1.739424 -1.690463 -1.690463 -2.108168 -1.846895 -1.977844 -2.427893 -1.568795 -1.581473 -2.704944 -2.204625 -2.061820 -1.861744 -1.861744 -1.839695 -1.724786 -2.078972 -1.766238 -1.662136 -1.841648 -1.214577 -1.417324 -1.939688 -2.042696 -1.944714 -1.865969 -1.366768 -1.480617 -1.736918 -1.808375 -2.295352 -2.483685 -2.408130 -1.330935 -1.243124 -2.320086
-99999.000000 -99999.000000 -99999.000000 -99999.000000 -99999.000000 -99999.000000 -0.624109 -0.624109 -1.157735 -1.300876 -1.192677 -1.116584 -1.041753 -0.625021 -0.760518 -1.332751 -1.466693 -1.727932 -1.920099 -1.080008 -1.399983 -2.312171 -2.047697 -2.101418 -2.048878 -1.583259 -1.779108 -2.044336 -2.100606 -2.691715 -2.489130 -1.843585 -1.258516 -1.767214 -2.610828 -2.522131 -2.322133 -1.990857 -1.231590 -1.232018 -1.322028 -1.523613 -2.065469 -1.972368 -2.064315 -1.862540 -1.208364 -1.200645 -2.094367 -2.233815 -2.307746 -2.000511 -2.000511 -1.910669 -1.910669 -2.165550 -2.235873
