example_data/reeves_groundingzone/dirslope_horn.asc
NCOLS 161
NROWS 143
XLLCORNER 587861.400000
YLLCORNER 1677789.600000
CELLSIZE 200.000000
NODATA_VALUE -99999.000000
[rows 100 to 124 of 143, columns 57 to 113 of 161]
1.541428 1.393308 1.424221 1.015720 0.824968 0.867483 0.389385 0.450470 1.095485 0.682890 0.388590 -0.521342 -2.885047 -4.418237 -7.507208 -12.313661 -14.891191 -13.133657 -9.225260 -7.073652 -3.222976 0.000000 0.000000 0.000000 0.000000 0.000000 0.000000 0.000000 0.000000 0.000000 0.000000 0.000000 0.000000 0.000000 0.000000 0.000000 0.000000 -0.082971 -0.053325 0.062210 0.017259 -0.015480 0.000000 0.000000 0.000000 0.000000 0.000000 0.000000 0.000000 0.000000 0.000000 0.000000 0.000000 0.000000 0.009372 -0.000260 0.030177
1.628578 1.644086 1.590668 1.038420 0.803793 0.962231 0.538057 0.636260 1.005123 0.380892 0.068461 -0.898043 -2.823107 -5.227947 -9.877108 -14.788867 -16.564347 -12.822548 -7.090481 -4.535005 -2.108714 0.000000 0.000000 0.000000 0.000000 0.000000 0.000000 0.000000 0.000000 0.000000 0.000000 0.000000 0.000000 0.000000 0.000000 0.000000 0.000000 -0.017242 0.013133 0.063607 0.005611 0.005611 0.022911 -0.013015 0.000000 0.000000 0.000000 0.000000 0.000000 0.000000 0.000000 0.000000 0.000000 0.000000 0.000000 -0.029366 0.120117
2.237226 1.830755 1.321294 0.930275 0.694522 0.851756 0.535896 0.500467 0.366363 -0.273242 -0.988017 -2.782355 -5.553684 -9.746893 -11.564977 -11.984869 -12.774934 -8.194402 -2.439890 -1.378269 -0.741479 0.000000 0.000000 0.000000 0.000000 0.000000 0.000000 0.000000 0.000000 0.000000 0.000000 0.000000 0.000000 0.000000 0.000000 0.000000 0.000000 0.000000 0.000000 0.000000 -0.013162 0.022580 -0.037664 -0.074171 0.000000 0.000000 0.000000 0.000000 0.000000 0.000000 0.000000 0.000000 0.000000 0.000000 0.000000 0.006348 0.141112
2.331071 1.789623 1.351533 1.260224 0.949656 0.691642 0.323104 0.114311 -0.323454 -0.982716 -2.264047 -4.198622 -7.091259 -12.054235 -13.151547 -14.570546 -14.578952 -6.503606 -0.723050 -0.049435 0.000000 0.000000 0.000000 0.000000 0.000000 0.000000 0.000000 0.000000 0.000000 0.000000 0.000000 0.000000 0.000000 0.000000 0.000000 0.000000 0.000000 0.000000 0.000000 0.000000 0.000000 0.000000 -0.074171 -0.037664 0.075518 0.026210 0.040592 0.092833 0.035357 -0.003364 0.000000 0.000000 0.000000 0.000000 0.000000 0.045571 0.124395
1.984225 1.576525 1.413425 1.316774 0.806286 0.287002 -0.047301 -0.565303 -1.458111 -2.798714 -3.831293 -4.203824 -6.256766 -10.000849 -12.112695 -14.398429 -11.201505 -2.954335 -0.151294 0.090097 0.080677 0.073506 0.070454 0.070454 0.058764 0.011416 -0.017038 0.047691 0.030150 -0.017407 0.000000 0.000000 0.000000 0.000000 0.000000 0.000000 0.000000 0.000000 0.000000 0.000000 0.000000 0.000000 -0.011429 0.026479 0.077537 0.017318 0.082145 0.142564 -0.022891 -0.061371 0.000000 0.000000 0.000000 0.000000 0.000000 0.089018 0.134456
2.346846 1.697347 1.232142 0.885710 0.217860 -0.091888 -0.504240 -1.339196 -2.239290 -3.948229 -5.131938 -7.053911 -12.008408 -15.831460 -16.882023 -13.684963 -5.264148 0.000000 0.105486 0.149276 0.080677 0.073506 0.070454 0.070454 0.058764 -0.006551 -0.003423 0.126034 0.060300 -0.004664 0.010809 0.033287 0.081638 0.015396 -0.016279 0.000000 0.000000 0.000000 0.000000 0.000000 0.000000 0.000000 0.000000 0.000000 0.000000 -0.010725 0.041072 0.050065 -0.065325 -0.016544 0.039312 -0.001988 0.000000 0.000000 0.045926 0.134872 0.088624
2.148428 1.374093 1.114104 0.742302 0.023479 -0.364868 -0.896851 -1.457042 -2.170739 -3.857996 -5.584808 -9.300223 -15.076573 -17.061456 -15.817855 -10.224334 -2.530485 0.050567 0.154466 0.106460 0.000000 0.000000 0.000000 0.000000 0.000000 -0.016421 0.016619 0.080504 0.026483 0.006453 0.001415 0.061327 0.126050 -0.001502 -0.001502 0.064882 0.064882 0.069151 0.020503 -0.012371 0.000000 0.000000 0.000000 0.000000 0.000000 0.000000 0.000000 0.000000 -0.007116 0.037704 -0.018822 -0.058508 0.000000 0.000000 0.093744 0.137305 0.045873
1.644445 1.089264 0.984093 0.410371 -0.248383 -0.972653 -1.825273 -2.321195 -3.880977 -6.511090 -9.751799 -11.330754 -12.766206 -12.585228 -9.225006 -3.798067 0.000000 0.103899 0.154466 0.050303 0.000000 0.049931 0.084238 0.070814 0.015064 0.031485 0.080504 0.016619 -0.020030 0.000000 -0.015590 0.030664 0.047694 -0.016464 0.014963 0.064882 0.064882 0.069151 0.006430 0.011995 0.076749 0.076749 0.078580 0.078580 0.030461 0.040090 0.092129 0.035908 -0.007116 0.000000 -0.062801 -0.012037 0.042459 -0.002162 0.095705 0.090889 0.000000
1.745509 1.399914 0.899439 0.027722 -0.536924 -1.402414 -2.782723 -3.120635 -5.295356 -8.724896 -12.029275 -12.673440 -14.909989 -14.454092 -7.699176 -2.127731 0.101142 0.151852 0.102841 0.000000 0.050586 0.151357 0.136144 0.075183 0.007729 0.070167 0.128409 0.000488 -0.007301 0.058151 0.070175 0.059905 0.012401 -0.016404 0.047912 0.033977 -0.014535 0.000000 -0.013826 0.021580 0.074974 0.074974 0.079523 0.079523 0.024107 0.082614 0.144156 -0.018899 -0.062849 0.000000 -0.005548 0.043960 -0.009864 -0.008492 0.139420 0.091460 0.000000
-99999.000000 -99999.000000 -99999.000000 -99999.000000 -1.343597 -2.650565 -4.833271 -3.886926 -4.943371 -8.735814 -10.354266 -11.931677 -14.448534 -10.981640 -3.576909 -0.506269 0.151927 0.099629 0.050617 0.050586 0.151758 0.151357 0.049276 0.000000 -0.013677 0.035084 0.048092 -0.015868 0.010887 0.058151 0.070175 0.059905 -0.005151 -0.001300 0.127333 0.067955 0.004908 0.069787 0.021068 0.035181 0.086743 0.025718 -0.009903 0.000000 -0.008600 0.041307 0.050222 -0.062849 -0.018899 0.039242 -0.005548 0.000000 -0.057112 0.087840 0.236847 0.097461 0.002835
-99999.000000 -99999.000000 -99999.000000 -99999.000000 -99999.000000 -99999.000000 -5.876894 -4.448900 -7.439528 -12.019843 -13.442928 -14.822990 -12.441143 -4.906204 -0.306090 0.100409 0.100409 0.000000 0.000000 0.102016 0.152653 0.050547 0.000000 0.050038 0.091148 0.082499 0.023389 -0.012804 0.048932 0.035882 -0.012155 0.000000 -0.016136 0.021439 0.083867 0.036315 0.023607 0.073385 0.011879 0.070278 0.137667 0.017144 0.021601 0.030989 0.043409 0.093596 0.037949 -0.010800 0.039555 0.036756 -0.013681 -0.002693 -0.002693 0.142150 0.192768 0.001034 -0.045654
-99999.000000 -99999.000000 -99999.000000 -99999.000000 -99999.000000 -99999.000000 -5.593640 -6.487562 -10.598912 -13.054792 -13.420094 -13.730523 -8.673454 -2.430954 -0.203940 0.152419 0.101779 0.000000 0.000000 0.099373 0.099373 0.000000 0.000000 0.105664 0.150504 0.086499 0.018632 0.018632 0.137512 0.077178 0.010129 0.072807 0.023766 0.037845 0.087169 0.027591 -0.010929 0.000000 -0.011579 0.040421 0.050242 -0.006357 0.038126 0.032050 0.091109 0.146373 -0.014260 -0.059305 0.000000 -0.003460 -0.010381 0.045136 0.092864 0.137606 0.093152 -0.050495 0.006653
-99999.000000 -99999.000000 -99999.000000 -99999.000000 -99999.000000 -99999.000000 -99999.000000 -11.511554 -13.543158 -10.342679 -9.350787 -8.652754 -3.242854 -0.157993 0.000695 0.152419 0.050640 0.000000 0.050610 0.150954 0.100320 0.000000 0.050411 0.156074 0.107254 0.000000 -0.010316 0.028948 0.088051 0.038589 0.023073 0.072807 0.011129 0.075689 0.136493 0.016662 0.016662 0.026142 0.037722 0.090193 0.037529 -0.006357 0.050277 0.038126 0.040699 0.050410 -0.059926 -0.013285 0.092041 0.043604 -0.006920 0.046960 0.138597 0.185307 0.093615 0.000147 0.055030
-99999.000000 -99999.000000 -99999.000000 -99999.000000 -99999.000000 -99999.000000 -99999.000000 -14.742205 -15.297178 -11.501168 -10.298509 -7.230564 -2.157807 0.000000 0.092883 0.100762 0.000000 0.000000 0.099043 0.149352 0.050586 0.050606 0.151527 0.151527 0.050333 0.050333 0.042057 0.042057 0.040201 -0.009536 0.000000 0.000000 -0.009889 0.039761 0.049665 -0.010340 0.028895 0.017055 0.077338 0.139439 0.032409 0.032409 0.144803 0.088481 0.035115 0.090592 0.031926 0.035498 0.090864 -0.003706 -0.053099 0.045930 0.137733 0.143549 0.002927 -0.047840 0.000000
-99999.000000 -99999.000000 -99999.000000 -99999.000000 -99999.000000 -99999.000000 -99999.000000 -99999.000000 -99999.000000 -99999.000000 -99999.000000 -3.381094 -0.834796 0.109171 0.151444 0.101023 0.000000 0.000000 0.096892 0.096362 0.000000 0.103134 0.155203 0.050509 0.000000 0.106261 0.092071 0.084114 0.080401 0.021128 0.076077 0.079558 0.079558 0.079522 0.029857 -0.010340 0.049576 0.027862 0.027862 0.049708 -0.005960 0.038370 0.094522 0.044240 0.040205 0.090592 -0.018346 -0.060332 0.000000 -0.053099 -0.003706 0.141837 0.137733 0.045925 -0.048682 0.004176 0.105653
-99999.000000 -99999.000000 -99999.000000 -99999.000000 -99999.000000 -99999.000000 -99999.000000 -99999.000000 -99999.000000 -99999.000000 -99999.000000 0.127320 0.126839 0.158538 0.107258 0.050642 0.050642 0.102638 0.151871 0.099191 0.050603 0.151280 0.104222 0.000000 0.000000 0.111959 0.107698 0.042536 0.040745 0.031667 0.081540 0.081879 0.081879 0.079990 0.020578 0.010439 0.134108 0.075797 0.015026 0.029006 -0.004904 0.050405 0.037487 -0.011769 0.000000 0.000000 -0.060004 -0.007953 0.045271 0.001452 0.052089 0.142958 0.142958 0.048842 -0.001793 0.056580 0.108750
-99999.000000 -99999.000000 -99999.000000 -99999.000000 -99999.000000 -99999.000000 -99999.000000 -99999.000000 -99999.000000 -99999.000000 -99999.000000 0.030821 0.036251 0.049825 0.000000 0.050642 0.151927 0.153261 0.102638 0.050603 0.099191 0.151280 0.050546 0.000000 0.050326 0.156632 0.107698 0.000000 0.000000 0.000000 0.049826 0.040939 -0.008913 0.000000 -0.009708 0.023288 0.085122 0.037898 0.026462 0.018716 0.035691 0.146309 0.074974 0.013949 0.086057 0.035916 -0.009588 0.045271 -0.007953 -0.049186 0.045928 0.137831 0.142922 -0.002689 -0.052428 0.000000 0.000000
-99999.000000 -99999.000000 -99999.000000 -99999.000000 -99999.000000 -99999.000000 -99999.000000 -99999.000000 -99999.000000 -99999.000000 -99999.000000 -0.025045 -0.016234 0.112009 0.112303 0.151346 0.151918 0.050643 0.000000 0.000000 0.101199 0.101396 0.000000 0.050551 0.150597 0.150597 0.050145 0.050145 0.091517 0.083143 0.141289 0.081060 0.022011 0.031241 0.040514 0.089652 0.030213 -0.010757 0.000000 -0.006698 0.041426 0.096375 0.043417 0.036646 0.089766 -0.016393 -0.055219 0.000000 -0.053508 0.000329 0.142628 0.137818 0.045933 -0.053337 -0.004068 0.101417 0.058682
-99999.000000 -99999.000000 -99999.000000 -99999.000000 -99999.000000 -99999.000000 -99999.000000 -99999.000000 -99999.000000 -99999.000000 -99999.000000 -99999.000000 -99999.000000 0.173695 0.118150 0.100707 0.050640 0.050643 0.101451 0.101372 0.151928 0.101341 0.050551 0.151652 0.150597 0.050199 0.000000 0.107374 0.149837 0.083143 0.091363 0.040530 0.031270 0.021968 0.081027 0.139349 0.020471 0.017218 0.077461 0.086999 0.091867 0.091867 0.036646 -0.006771 0.000000 -0.061276 -0.006944 0.047736 -0.002886 0.050862 0.142638 0.142759 0.051067 -0.002712 0.047913 0.101417 0.012308
-99999.000000 -99999.000000 -99999.000000 -99999.000000 -99999.000000 -99999.000000 -99999.000000 -99999.000000 -99999.000000 -99999.000000 -99999.000000 -99999.000000 -99999.000000 -99999.000000 -99999.000000 0.000000 0.000000 0.100134 0.151890 0.102687 0.101981 0.050624 0.101997 0.152634 0.050467 0.000000 0.049398 0.159353 0.108011 0.000000 0.000000 0.000000 0.000000 -0.012242 0.036899 0.049756 -0.009436 0.035966 0.086110 0.093043 0.089039 0.089039 0.030055 0.030055 0.044420 -0.006130 0.047996 0.058615 0.008044 0.047916 0.137877 0.144130 0.055251 0.002614 0.000871 0.000000 -0.041490
-99999.000000 -99999.000000 -99999.000000 -99999.000000 -99999.000000 -99999.000000 -99999.000000 -99999.000000 -99999.000000 -99999.000000 -99999.000000 -99999.000000 -99999.000000 -99999.000000 -99999.000000 0.097128 0.097128 0.151928 0.101176 0.000000 0.000000 0.000000 0.106312 0.106312 0.000000 0.000000 0.111063 0.159908 0.048543 0.048543 0.088331 0.062486 0.062486 0.061989 0.061989 0.058695 0.011356 0.044506 0.044506 -0.002825 0.000000 0.000000 -0.005127 0.040129 0.000838 -0.050083 0.000000 0.002505 0.007516 0.145444 0.189929 0.047894 0.001996 0.009942 0.060476 0.059965 0.011564
-99999.000000 -99999.000000 -99999.000000 -99999.000000 -99999.000000 -99999.000000 -99999.000000 -99999.000000 -99999.000000 -99999.000000 -99999.000000 -99999.000000 -99999.000000 -99999.000000 -99999.000000 -99999.000000 0.095090 0.101395 0.050643 0.050632 0.100214 0.097741 0.151731 0.103733 0.000000 0.000000 0.124435 0.124435 0.000000 0.111518 0.148513 0.062486 0.062486 0.061989 0.061989 0.058695 -0.006635 0.089012 0.089012 0.042088 0.091247 0.040831 -0.005127 0.000000 -0.050083 0.000838 0.104450 0.055591 0.050887 0.189929 0.145444 0.005989 0.001996 0.003314 0.057162 0.014321 -0.038748
-99999.000000 -99999.000000 -99999.000000 -99999.000000 -99999.000000 -99999.000000 -99999.000000 -99999.000000 -99999.000000 -99999.000000 -99999.000000 -99999.000000 -99999.000000 -99999.000000 -99999.000000 -99999.000000 -0.058196 0.050261 0.094314 0.143618 0.143618 0.090897 0.093965 0.100451 0.092196 0.084335 0.148354 0.109823 0.000000 0.126406 0.124359 0.000000 0.000000 0.000000 0.000000 0.000000 -0.015887 0.043419 0.043419 0.041807 0.093188 0.038797 0.042438 0.095719 0.049344 0.049344 0.103519 0.001888 0.041908 0.135911 0.047865 0.011227 0.011227 0.004607 0.000000 -0.044051 0.019006
-99999.000000 -99999.000000 -99999.000000 -99999.000000 -99999.000000 -99999.000000 -99999.000000 -99999.000000 -99999.000000 -99999.000000 -99999.000000 -99999.000000 -99999.000000 -99999.000000 -99999.000000 -99999.000000 -99999.000000 -99999.000000 -99999.000000 -99999.000000 0.050171 0.000000 0.050226 0.150677 0.142225 0.084335 0.087983 0.049452 0.048445 0.160092 0.111039 0.000000 0.048894 0.082649 0.068214 0.016312 0.032199 0.093608 0.036650 -0.004325 0.000000 -0.003899 0.045149 0.045149 -0.051506 -0.051073 0.000000 -0.049380 0.092605 0.142767 0.001967 0.003742 0.011227 0.064253 0.059646 0.006488 0.062915
-99999.000000 -99999.000000 -99999.000000 -99999.000000 -99999.000000 -99999.000000 -99999.000000 -99999.000000 -99999.000000 -99999.000000 -99999.000000 -99999.000000 -99999.000000 -99999.000000 -99999.000000 -99999.000000 -99999.000000 -99999.000000 -99999.000000 -99999.000000 0.049697 0.093200 0.143902 0.150595 0.050094 0.000000 0.000000 0.049906 0.149162 0.149162 0.049629 0.000000 0.109545 0.148416 0.077292 0.018359 0.078324 0.146313 0.035700 0.038403 0.042659 -0.003916 0.000000 -0.055049 -0.050783 0.050502 0.051534 0.051656 0.191301 0.153224 0.016579 0.005281 0.005281 0.058486 0.062487 0.012617 0.007858
